600.000000  0.055749
610.000000  0.056672
620.000000  0.057445
630.000000  0.058253
640.000000  0.058814
650.000000  0.059392
660.000000  0.059746
670.000000  0.060304
680.000000  0.060822
690.000000  0.061410
700.000000  0.061888
710.000000  0.062621
720.000000  0.063294
730.000000  0.063644
740.000000  0.064090
750.000000  0.064485
760.000000  0.064766
770.000000  0.065336
780.000000  0.065486
790.000000  0.065671
800.000000  0.065665
810.000000  0.065803
820.000000  0.066407
830.000000  0.066636
840.000000  0.066512
850.000000  0.066039
860.000000  0.066090
870.000000  0.065498
880.000000  0.064871
890.000000  0.064452
900.000000  0.063843
910.000000  0.063901
920.000000  0.063742
930.000000  0.063109
940.000000  0.062541
950.000000  0.062625
960.000000  0.062794
970.000000  0.062568
980.000000  0.062427
990.000000  0.062729
1000.000000  0.062674
1010.000000  0.063081
1020.000000  0.063607
1030.000000  0.064225
1040.000000  0.065057
1050.000000  0.065751
1060.000000  0.066455
1070.000000  0.067271
1080.000000  0.068342
1090.000000  0.069463
1100.000000  0.070847
1110.000000  0.071854
1120.000000  0.072863
1130.000000  0.073877
1140.000000  0.074695
1150.000000  0.075679
1160.000000  0.076665
1170.000000  0.077315
1180.000000  0.077854
1190.000000  0.078500
1200.000000  0.079081
1210.000000  0.079184
1220.000000  0.080292
1230.000000  0.080585
1240.000000  0.081243
1250.000000  0.081793
1260.000000  0.082339
1270.000000  0.083094
1280.000000  0.083655
1290.000000  0.083961
1300.000000  0.084898
1310.000000  0.085331
1320.000000  0.086047
1330.000000  0.086837
1340.000000  0.087570
1350.000000  0.087852
1360.000000  0.088423
1370.000000  0.089077
1380.000000  0.090041
1390.000000  0.090450
1400.000000  0.090948
1410.000000  0.091577
1420.000000  0.092362
1430.000000  0.093288
1440.000000  0.093967
1450.000000  0.094386
1460.000000  0.094930
1470.000000  0.095430
1480.000000  0.096347
1490.000000  0.096720
1500.000000  0.097516
1510.000000  0.098050
1520.000000  0.098389
1530.000000  0.098869
1540.000000  0.099351
1550.000000  0.099808
1560.000000  0.100405
1570.000000  0.101049
1580.000000  0.101183
1590.000000  0.101937
1600.000000  0.102171
1610.000000  0.102808
1620.000000  0.103158
1630.000000  0.103216
1640.000000  0.103548
1650.000000  0.104291
1660.000000  0.104496
1670.000000  0.104871
1680.000000  0.105248
1690.000000  0.105643
1700.000000  0.106080
1710.000000  0.106418
1720.000000  0.106685
1730.000000  0.107204
1740.000000  0.107677
1750.000000  0.107807
1760.000000  0.108006
1770.000000  0.108238
1780.000000  0.108750
1790.000000  0.109139
1800.000000  0.109192
1810.000000  0.109555
1820.000000  0.109846
1830.000000  0.110453
1840.000000  0.110801
1850.000000  0.111163
1860.000000  0.111438
1870.000000  0.111831
1880.000000  0.112240
1890.000000  0.112324
1900.000000  0.112872
1910.000000  0.113238
1920.000000  0.113611
1930.000000  0.114018
1940.000000  0.114194
1950.000000  0.114835
1960.000000  0.115100
1970.000000  0.115304
1980.000000  0.115929
1990.000000  0.116229
2000.000000  0.116688
2010.000000  0.116741
2020.000000  0.117489
2030.000000  0.117796
2040.000000  0.118216
2050.000000  0.118436
2060.000000  0.118960
2070.000000  0.119211
2080.000000  0.119712
2090.000000  0.120062
2100.000000  0.120402
2110.000000  0.120799
2120.000000  0.121339
2130.000000  0.121867
2140.000000  0.122088
2150.000000  0.122676
2160.000000  0.123104
2170.000000  0.123144
2180.000000  0.123668
2190.000000  0.124286
2200.000000  0.124571
2210.000000  0.125053
2220.000000  0.125224
2230.000000  0.125817
2240.000000  0.126393
2250.000000  0.127016
2260.000000  0.127751
2270.000000  0.128230
2280.000000  0.129003
2290.000000  0.129850
2300.000000  0.130216
2310.000000  0.130978
2320.000000  0.131348
2330.000000  0.131822
2340.000000  0.132159
2350.000000  0.132794
2360.000000  0.133115
2370.000000  0.133524
2380.000000  0.134156
2390.000000  0.134971
2400.000000  0.135325
2410.000000  0.135799
2420.000000  0.136317
2430.000000  0.137090
2440.000000  0.137878
2450.000000  0.138569
2460.000000  0.139175
2470.000000  0.140080
2480.000000  0.140582
2490.000000  0.141117
2500.000000  0.141610
2510.000000  0.142114
2520.000000  0.142943
2530.000000  0.143435
2540.000000  0.143589
2550.000000  0.144617
2560.000000  0.145007
2570.000000  0.145739
2580.000000  0.146392
2590.000000  0.146833
2600.000000  0.147289
2610.000000  0.147828
2620.000000  0.148496
2630.000000  0.149091
2640.000000  0.149660
2650.000000  0.150438
2660.000000  0.151075
2670.000000  0.150782
2680.000000  0.151581
2690.000000  0.152483
2700.000000  0.152702
2710.000000  0.153243
2720.000000  0.152429
2730.000000  0.152707
2740.000000  0.152320
2750.000000  0.151561
2760.000000  0.151327
2770.000000  0.150460
2780.000000  0.149875
2790.000000  0.149634
2800.000000  0.149522
2810.000000  0.148576
2820.000000  0.148654
2830.000000  0.148799
2840.000000  0.149369
2850.000000  0.149565
2860.000000  0.149608
2870.000000  0.150073
2880.000000  0.150407
2890.000000  0.150825
2900.000000  0.150998
2910.000000  0.151289
2920.000000  0.151446
2930.000000  0.152126
2940.000000  0.152510
2950.000000  0.152433
2960.000000  0.152776
2970.000000  0.153261
2980.000000  0.153481
2990.000000  0.154533
3000.000000  0.154852
3010.000000  0.155762
3020.000000  0.156251
3030.000000  0.156579
3040.000000  0.157303
3050.000000  0.158143
3060.000000  0.158412
3070.000000  0.159042
3080.000000  0.159558
3090.000000  0.160406
3100.000000  0.160520
3110.000000  0.161082
3120.000000  0.162173
3130.000000  0.162501
3140.000000  0.163152
3150.000000  0.163998
3160.000000  0.164732
3170.000000  0.165336
3180.000000  0.165941
3190.000000  0.167021
3200.000000  0.167602
3210.000000  0.168123
3220.000000  0.168669
3230.000000  0.169557
3240.000000  0.170221
3250.000000  0.170904
3260.000000  0.171507
3270.000000  0.172095
3280.000000  0.172780
3290.000000  0.173026
3300.000000  0.174079
3310.000000  0.174202
3320.000000  0.174880
3330.000000  0.175304
3340.000000  0.175781
3350.000000  0.175981
3360.000000  0.176562
3370.000000  0.176922
3380.000000  0.177397
3390.000000  0.178257
3400.000000  0.178184
3410.000000  0.178687
3420.000000  0.179398
3430.000000  0.180171
3440.000000  0.180247
3450.000000  0.180706
3460.000000  0.181075
3470.000000  0.181496
3480.000000  0.182012
3490.000000  0.182436
3500.000000  0.182975
3510.000000  0.183704
3520.000000  0.184004
3530.000000  0.184446
3540.000000  0.185020
3550.000000  0.185222
3560.000000  0.185989
3570.000000  0.185932
3580.000000  0.186671
3590.000000  0.187012
3600.000000  0.187529
