600.000000  0.134613
610.000000  0.136363
620.000000  0.138694
630.000000  0.140832
640.000000  0.142789
650.000000  0.145350
660.000000  0.148129
670.000000  0.150698
680.000000  0.153409
690.000000  0.156226
700.000000  0.159340
710.000000  0.161434
720.000000  0.164066
730.000000  0.167018
740.000000  0.170204
750.000000  0.173242
760.000000  0.177353
770.000000  0.180214
780.000000  0.182946
790.000000  0.185771
800.000000  0.187144
810.000000  0.189394
820.000000  0.191090
830.000000  0.192467
840.000000  0.193801
850.000000  0.194853
860.000000  0.196068
870.000000  0.196715
880.000000  0.197403
890.000000  0.197037
900.000000  0.196688
910.000000  0.196872
920.000000  0.196440
930.000000  0.196622
940.000000  0.196585
950.000000  0.197347
960.000000  0.197180
970.000000  0.197329
980.000000  0.198328
990.000000  0.199024
1000.000000  0.200150
1010.000000  0.201412
1020.000000  0.203159
1030.000000  0.205490
1040.000000  0.207576
1050.000000  0.210156
1060.000000  0.211859
1070.000000  0.214616
1080.000000  0.216971
1090.000000  0.219203
1100.000000  0.222161
1110.000000  0.224725
1120.000000  0.226507
1130.000000  0.228715
1140.000000  0.230562
1150.000000  0.231370
1160.000000  0.232751
1170.000000  0.233797
1180.000000  0.234794
1190.000000  0.235717
1200.000000  0.236081
1210.000000  0.236137
1220.000000  0.237954
1230.000000  0.238471
1240.000000  0.239359
1250.000000  0.240001
1260.000000  0.241240
1270.000000  0.241546
1280.000000  0.242771
1290.000000  0.243864
1300.000000  0.245057
1310.000000  0.245934
1320.000000  0.247251
1330.000000  0.248098
1340.000000  0.249769
1350.000000  0.250256
1360.000000  0.251155
1370.000000  0.252334
1380.000000  0.253492
1390.000000  0.256011
1400.000000  0.257133
1410.000000  0.257238
1420.000000  0.258316
1430.000000  0.260122
1440.000000  0.261447
1450.000000  0.262542
1460.000000  0.263782
1470.000000  0.264733
1480.000000  0.265610
1490.000000  0.266366
1500.000000  0.268064
1510.000000  0.268414
1520.000000  0.269651
1530.000000  0.269955
1540.000000  0.271069
1550.000000  0.271792
1560.000000  0.273002
1570.000000  0.273964
1580.000000  0.274659
1590.000000  0.274589
1600.000000  0.275785
1610.000000  0.276657
1620.000000  0.276358
1630.000000  0.277069
1640.000000  0.277775
1650.000000  0.278266
1660.000000  0.280115
1670.000000  0.280571
1680.000000  0.281076
1690.000000  0.280936
1700.000000  0.282527
1710.000000  0.282696
1720.000000  0.283010
1730.000000  0.282938
1740.000000  0.283360
1750.000000  0.283698
1760.000000  0.283850
1770.000000  0.284176
1780.000000  0.284320
1790.000000  0.284991
1800.000000  0.285054
1810.000000  0.285608
1820.000000  0.286118
1830.000000  0.286416
1840.000000  0.286951
1850.000000  0.285963
1860.000000  0.286403
1870.000000  0.288468
1880.000000  0.284997
1890.000000  0.286919
1900.000000  0.287369
1910.000000  0.286521
1920.000000  0.286767
1930.000000  0.286886
1940.000000  0.286814
1950.000000  0.287076
1960.000000  0.287469
1970.000000  0.287567
1980.000000  0.287726
1990.000000  0.287813
2000.000000  0.288207
2010.000000  0.287920
2020.000000  0.288250
2030.000000  0.288200
2040.000000  0.288866
2050.000000  0.289074
2060.000000  0.289088
2070.000000  0.288326
2080.000000  0.289043
2090.000000  0.289474
2100.000000  0.290034
2110.000000  0.289571
2120.000000  0.289492
2130.000000  0.290007
2140.000000  0.290616
2150.000000  0.291483
2160.000000  0.292404
2170.000000  0.292333
2180.000000  0.292745
2190.000000  0.293553
2200.000000  0.293750
2210.000000  0.295173
2220.000000  0.295421
2230.000000  0.296041
2240.000000  0.296291
2250.000000  0.296147
2260.000000  0.297641
2270.000000  0.298876
2280.000000  0.299801
2290.000000  0.300121
2300.000000  0.302072
2310.000000  0.301670
2320.000000  0.302379
2330.000000  0.302585
2340.000000  0.303051
2350.000000  0.304052
2360.000000  0.305047
2370.000000  0.305686
2380.000000  0.306603
2390.000000  0.308103
2400.000000  0.308656
2410.000000  0.310383
2420.000000  0.311631
2430.000000  0.312274
2440.000000  0.312984
2450.000000  0.314542
2460.000000  0.315618
2470.000000  0.316653
2480.000000  0.317908
2490.000000  0.319534
2500.000000  0.319904
2510.000000  0.320642
2520.000000  0.322118
2530.000000  0.322937
2540.000000  0.324146
2550.000000  0.325407
2560.000000  0.326572
2570.000000  0.327352
2580.000000  0.327981
2590.000000  0.329446
2600.000000  0.330834
2610.000000  0.331675
2620.000000  0.332560
2630.000000  0.333108
2640.000000  0.334337
2650.000000  0.335711
2660.000000  0.335856
2670.000000  0.336074
2680.000000  0.336926
2690.000000  0.338338
2700.000000  0.338373
2710.000000  0.338759
2720.000000  0.337777
2730.000000  0.337626
2740.000000  0.336133
2750.000000  0.336089
2760.000000  0.334853
2770.000000  0.334125
2780.000000  0.333021
2790.000000  0.332214
2800.000000  0.332111
2810.000000  0.331616
2820.000000  0.331596
2830.000000  0.331889
2840.000000  0.332037
2850.000000  0.331695
2860.000000  0.331788
2870.000000  0.332067
2880.000000  0.332254
2890.000000  0.332621
2900.000000  0.332955
2910.000000  0.333027
2920.000000  0.333630
2930.000000  0.334132
2940.000000  0.334484
2950.000000  0.335014
2960.000000  0.335537
2970.000000  0.336320
2980.000000  0.337417
2990.000000  0.338421
3000.000000  0.338833
3010.000000  0.339536
3020.000000  0.340427
3030.000000  0.341055
3040.000000  0.341789
3050.000000  0.342660
3060.000000  0.342595
3070.000000  0.343840
3080.000000  0.344599
3090.000000  0.345206
3100.000000  0.345919
3110.000000  0.346450
3120.000000  0.347503
3130.000000  0.348368
3140.000000  0.349463
3150.000000  0.350080
3160.000000  0.350844
3170.000000  0.351602
3180.000000  0.352466
3190.000000  0.353218
3200.000000  0.353931
3210.000000  0.354629
3220.000000  0.355231
3230.000000  0.356263
3240.000000  0.356720
3250.000000  0.357285
3260.000000  0.358080
3270.000000  0.358795
3280.000000  0.359336
3290.000000  0.359701
3300.000000  0.360360
3310.000000  0.361163
3320.000000  0.361464
3330.000000  0.362124
3340.000000  0.362647
3350.000000  0.362801
3360.000000  0.362882
3370.000000  0.363084
3380.000000  0.363557
3390.000000  0.364117
3400.000000  0.364092
3410.000000  0.363987
3420.000000  0.364732
3430.000000  0.365799
3440.000000  0.366692
3450.000000  0.367458
3460.000000  0.367998
3470.000000  0.368288
3480.000000  0.368540
3490.000000  0.369172
3500.000000  0.369642
3510.000000  0.370668
3520.000000  0.371615
3530.000000  0.372286
3540.000000  0.373063
3550.000000  0.373743
3560.000000  0.374314
3570.000000  0.374871
3580.000000  0.375448
3590.000000  0.375797
3600.000000  0.376350
