600.000000  0.061015
610.000000  0.062038
620.000000  0.062999
630.000000  0.063621
640.000000  0.064425
650.000000  0.065180
660.000000  0.065824
670.000000  0.066388
680.000000  0.067265
690.000000  0.067648
700.000000  0.068486
710.000000  0.068894
720.000000  0.069510
730.000000  0.069655
740.000000  0.070228
750.000000  0.070905
760.000000  0.071513
770.000000  0.072210
780.000000  0.072749
790.000000  0.073141
800.000000  0.073747
810.000000  0.073942
820.000000  0.073933
830.000000  0.073825
840.000000  0.073523
850.000000  0.073525
860.000000  0.072860
870.000000  0.072437
880.000000  0.071567
890.000000  0.071272
900.000000  0.070943
910.000000  0.070779
920.000000  0.070665
930.000000  0.070350
940.000000  0.070170
950.000000  0.070566
960.000000  0.070770
970.000000  0.071034
980.000000  0.071562
990.000000  0.072084
1000.000000  0.072710
1010.000000  0.073658
1020.000000  0.074485
1030.000000  0.075411
1040.000000  0.076460
1050.000000  0.077686
1060.000000  0.078819
1070.000000  0.080011
1080.000000  0.081447
1090.000000  0.082576
1100.000000  0.084040
1110.000000  0.085117
1120.000000  0.086389
1130.000000  0.088014
1140.000000  0.088964
1150.000000  0.089874
1160.000000  0.091226
1170.000000  0.092137
1180.000000  0.093745
1190.000000  0.094292
1200.000000  0.095277
1210.000000  0.096440
1220.000000  0.097464
1230.000000  0.098259
1240.000000  0.098951
1250.000000  0.100103
1260.000000  0.101067
1270.000000  0.102181
1280.000000  0.103284
1290.000000  0.104449
1300.000000  0.105992
1310.000000  0.106889
1320.000000  0.108154
1330.000000  0.108716
1340.000000  0.110473
1350.000000  0.111068
1360.000000  0.111919
1370.000000  0.113730
1380.000000  0.114633
1390.000000  0.116692
1400.000000  0.116853
1410.000000  0.119092
1420.000000  0.119603
1430.000000  0.121274
1440.000000  0.122543
1450.000000  0.123280
1460.000000  0.124872
1470.000000  0.125819
1480.000000  0.127261
1490.000000  0.128037
1500.000000  0.129093
1510.000000  0.129871
1520.000000  0.130925
1530.000000  0.131952
1540.000000  0.132627
1550.000000  0.133258
1560.000000  0.134169
1570.000000  0.134383
1580.000000  0.135077
1590.000000  0.136440
1600.000000  0.136734
1610.000000  0.136988
1620.000000  0.137930
1630.000000  0.137611
1640.000000  0.138337
1650.000000  0.138341
1660.000000  0.138794
1670.000000  0.139608
1680.000000  0.139542
1690.000000  0.139891
1700.000000  0.139726
1710.000000  0.140051
1720.000000  0.139880
1730.000000  0.140485
1740.000000  0.140700
1750.000000  0.140557
1760.000000  0.141637
1770.000000  0.141289
1780.000000  0.141076
1790.000000  0.141562
1800.000000  0.141979
1810.000000  0.142221
1820.000000  0.142240
1830.000000  0.142669
1840.000000  0.142504
1850.000000  0.142447
1860.000000  0.143119
1870.000000  0.142593
1880.000000  0.143808
1890.000000  0.143701
1900.000000  0.143255
1910.000000  0.144322
1920.000000  0.144214
1930.000000  0.144743
1940.000000  0.144769
1950.000000  0.145463
1960.000000  0.145839
1970.000000  0.146252
1980.000000  0.146438
1990.000000  0.146809
2000.000000  0.147422
2010.000000  0.148125
2020.000000  0.148493
2030.000000  0.148910
2040.000000  0.149779
2050.000000  0.150438
2060.000000  0.150771
2070.000000  0.151717
2080.000000  0.151638
2090.000000  0.152738
2100.000000  0.153658
2110.000000  0.154564
2120.000000  0.155266
2130.000000  0.156219
2140.000000  0.156955
2150.000000  0.158061
2160.000000  0.158407
2170.000000  0.159727
2180.000000  0.160448
2190.000000  0.161419
2200.000000  0.162697
2210.000000  0.163453
2220.000000  0.164586
2230.000000  0.165959
2240.000000  0.167363
2250.000000  0.168878
2260.000000  0.169632
2270.000000  0.170476
2280.000000  0.171803
2290.000000  0.172859
2300.000000  0.173827
2310.000000  0.175022
2320.000000  0.176276
2330.000000  0.177413
2340.000000  0.178034
2350.000000  0.179429
2360.000000  0.180413
2370.000000  0.181219
2380.000000  0.182428
2390.000000  0.183307
2400.000000  0.185102
2410.000000  0.186264
2420.000000  0.187506
2430.000000  0.188983
2440.000000  0.190458
2450.000000  0.191519
2460.000000  0.192719
2470.000000  0.193675
2480.000000  0.194383
2490.000000  0.195602
2500.000000  0.196923
2510.000000  0.197252
2520.000000  0.197983
2530.000000  0.198990
2540.000000  0.199527
2550.000000  0.200671
2560.000000  0.201204
2570.000000  0.201956
2580.000000  0.202640
2590.000000  0.203903
2600.000000  0.204547
2610.000000  0.205006
2620.000000  0.205898
2630.000000  0.206580
2640.000000  0.206879
2650.000000  0.207602
2660.000000  0.207696
2670.000000  0.208236
2680.000000  0.208499
2690.000000  0.208420
2700.000000  0.208411
2710.000000  0.207910
2720.000000  0.207186
2730.000000  0.206328
2740.000000  0.204574
2750.000000  0.203216
2760.000000  0.201989
2770.000000  0.200076
2780.000000  0.198627
2790.000000  0.197530
2800.000000  0.196738
2810.000000  0.196166
2820.000000  0.195748
2830.000000  0.195738
2840.000000  0.195726
2850.000000  0.196032
2860.000000  0.196403
2870.000000  0.196859
2880.000000  0.197055
2890.000000  0.197652
2900.000000  0.197824
2910.000000  0.198075
2920.000000  0.198477
2930.000000  0.198749
2940.000000  0.198694
2950.000000  0.198876
2960.000000  0.199446
2970.000000  0.199223
2980.000000  0.199980
2990.000000  0.199868
3000.000000  0.200365
3010.000000  0.200823
3020.000000  0.201055
3030.000000  0.201224
3040.000000  0.201662
3050.000000  0.201905
3060.000000  0.201695
3070.000000  0.202015
3080.000000  0.202273
3090.000000  0.202296
3100.000000  0.202627
3110.000000  0.202696
3120.000000  0.202929
3130.000000  0.203148
3140.000000  0.203346
3150.000000  0.203631
3160.000000  0.203911
3170.000000  0.203947
3180.000000  0.204254
3190.000000  0.204538
3200.000000  0.204846
3210.000000  0.204799
3220.000000  0.205280
3230.000000  0.205482
3240.000000  0.205817
3250.000000  0.205634
3260.000000  0.205996
3270.000000  0.206350
3280.000000  0.206419
3290.000000  0.206359
3300.000000  0.206715
3310.000000  0.207046
3320.000000  0.207127
3330.000000  0.207520
3340.000000  0.207483
3350.000000  0.207749
3360.000000  0.207685
3370.000000  0.208103
3380.000000  0.208646
3390.000000  0.209021
3400.000000  0.209037
3410.000000  0.209504
3420.000000  0.210268
3430.000000  0.210469
3440.000000  0.210452
3450.000000  0.210575
3460.000000  0.210670
3470.000000  0.210708
3480.000000  0.210867
3490.000000  0.210993
3500.000000  0.211245
3510.000000  0.211762
3520.000000  0.211652
3530.000000  0.211654
3540.000000  0.211765
3550.000000  0.211828
3560.000000  0.212120
3570.000000  0.212292
3580.000000  0.212560
3590.000000  0.212746
3600.000000  0.212906
