600.000000  0.237338
610.000000  0.238008
620.000000  0.239485
630.000000  0.240073
640.000000  0.240044
650.000000  0.241015
660.000000  0.241126
670.000000  0.241327
680.000000  0.241431
690.000000  0.241207
700.000000  0.241088
710.000000  0.240579
720.000000  0.240376
730.000000  0.239928
740.000000  0.239771
750.000000  0.238538
760.000000  0.237155
770.000000  0.234879
780.000000  0.233615
790.000000  0.231511
800.000000  0.229890
810.000000  0.227845
820.000000  0.225986
830.000000  0.223691
840.000000  0.221665
850.000000  0.219436
860.000000  0.217642
870.000000  0.214752
880.000000  0.212471
890.000000  0.211120
900.000000  0.208972
910.000000  0.207783
920.000000  0.206360
930.000000  0.205464
940.000000  0.204818
950.000000  0.204346
960.000000  0.204281
970.000000  0.204250
980.000000  0.204051
990.000000  0.204595
1000.000000  0.204842
1010.000000  0.205344
1020.000000  0.205673
1030.000000  0.206412
1040.000000  0.207018
1050.000000  0.207437
1060.000000  0.207979
1070.000000  0.208146
1080.000000  0.208817
1090.000000  0.208887
1100.000000  0.209588
1110.000000  0.210442
1120.000000  0.210383
1130.000000  0.211518
1140.000000  0.212417
1150.000000  0.212698
1160.000000  0.213312
1170.000000  0.213987
1180.000000  0.214858
1190.000000  0.215344
1200.000000  0.216605
1210.000000  0.217693
1220.000000  0.218013
1230.000000  0.218741
1240.000000  0.219427
1250.000000  0.220522
1260.000000  0.221624
1270.000000  0.222485
1280.000000  0.223144
1290.000000  0.224144
1300.000000  0.224961
1310.000000  0.226312
1320.000000  0.226756
1330.000000  0.228214
1340.000000  0.229447
1350.000000  0.230278
1360.000000  0.230929
1370.000000  0.232387
1380.000000  0.233363
1390.000000  0.234699
1400.000000  0.235251
1410.000000  0.236568
1420.000000  0.237032
1430.000000  0.238483
1440.000000  0.239130
1450.000000  0.240082
1460.000000  0.240823
1470.000000  0.241731
1480.000000  0.242486
1490.000000  0.243238
1500.000000  0.243993
1510.000000  0.244421
1520.000000  0.244976
1530.000000  0.245173
1540.000000  0.245816
1550.000000  0.246497
1560.000000  0.246521
1570.000000  0.246825
1580.000000  0.247571
1590.000000  0.247626
1600.000000  0.247965
1610.000000  0.247444
1620.000000  0.248033
1630.000000  0.247571
1640.000000  0.247497
1650.000000  0.247671
1660.000000  0.246648
1670.000000  0.246817
1680.000000  0.246989
1690.000000  0.247032
1700.000000  0.247473
1710.000000  0.247123
1720.000000  0.247320
1730.000000  0.246958
1740.000000  0.247223
1750.000000  0.247108
1760.000000  0.246975
1770.000000  0.247125
1780.000000  0.247404
1790.000000  0.247241
1800.000000  0.247550
1810.000000  0.247633
1820.000000  0.248213
1830.000000  0.248294
1840.000000  0.248954
1850.000000  0.248535
1860.000000  0.249299
1870.000000  0.250024
1880.000000  0.249909
1890.000000  0.249775
1900.000000  0.250349
1910.000000  0.250945
1920.000000  0.251644
1930.000000  0.251329
1940.000000  0.251702
1950.000000  0.251998
1960.000000  0.252290
1970.000000  0.252864
1980.000000  0.253188
1990.000000  0.254150
2000.000000  0.254389
2010.000000  0.255286
2020.000000  0.255621
2030.000000  0.256512
2040.000000  0.257252
2050.000000  0.257024
2060.000000  0.257601
2070.000000  0.258360
2080.000000  0.259276
2090.000000  0.259621
2100.000000  0.260482
2110.000000  0.261083
2120.000000  0.261907
2130.000000  0.262136
2140.000000  0.262893
2150.000000  0.263398
2160.000000  0.263984
2170.000000  0.264382
2180.000000  0.265451
2190.000000  0.266282
2200.000000  0.266984
2210.000000  0.267695
2220.000000  0.268485
2230.000000  0.269174
2240.000000  0.269854
2250.000000  0.270546
2260.000000  0.271690
2270.000000  0.272640
2280.000000  0.273452
2290.000000  0.274162
2300.000000  0.274167
2310.000000  0.275700
2320.000000  0.275292
2330.000000  0.276459
2340.000000  0.276692
2350.000000  0.277226
2360.000000  0.277710
2370.000000  0.278143
2380.000000  0.279130
2390.000000  0.279560
2400.000000  0.280142
2410.000000  0.280965
2420.000000  0.281704
2430.000000  0.281678
2440.000000  0.282122
2450.000000  0.283067
2460.000000  0.283477
2470.000000  0.283511
2480.000000  0.284819
2490.000000  0.285162
2500.000000  0.285818
2510.000000  0.286186
2520.000000  0.286523
2530.000000  0.286531
2540.000000  0.286487
2550.000000  0.287282
2560.000000  0.287482
2570.000000  0.287582
2580.000000  0.287682
2590.000000  0.287683
2600.000000  0.288260
2610.000000  0.288410
2620.000000  0.288147
2630.000000  0.288603
2640.000000  0.289280
2650.000000  0.289112
2660.000000  0.288914
2670.000000  0.288611
2680.000000  0.288652
2690.000000  0.288889
2700.000000  0.289206
2710.000000  0.288911
2720.000000  0.287907
2730.000000  0.287040
2740.000000  0.285784
2750.000000  0.285202
2760.000000  0.284196
2770.000000  0.283149
2780.000000  0.282417
2790.000000  0.281618
2800.000000  0.281508
2810.000000  0.281189
2820.000000  0.280556
2830.000000  0.280356
2840.000000  0.279984
2850.000000  0.279952
2860.000000  0.279390
2870.000000  0.279228
2880.000000  0.279318
2890.000000  0.279030
2900.000000  0.278826
2910.000000  0.278626
2920.000000  0.278843
2930.000000  0.278748
2940.000000  0.278565
2950.000000  0.278869
2960.000000  0.278775
2970.000000  0.278831
2980.000000  0.279306
2990.000000  0.279432
3000.000000  0.279883
3010.000000  0.279964
3020.000000  0.280269
3030.000000  0.280395
3040.000000  0.280388
3050.000000  0.280558
3060.000000  0.280731
3070.000000  0.280979
3080.000000  0.281260
3090.000000  0.281406
3100.000000  0.281713
3110.000000  0.281956
3120.000000  0.282317
3130.000000  0.282630
3140.000000  0.282895
3150.000000  0.283074
3160.000000  0.283425
3170.000000  0.283680
3180.000000  0.283979
3190.000000  0.284167
3200.000000  0.284838
3210.000000  0.284756
3220.000000  0.284984
3230.000000  0.285463
3240.000000  0.285614
3250.000000  0.285494
3260.000000  0.285752
3270.000000  0.286151
3280.000000  0.286368
3290.000000  0.286528
3300.000000  0.286934
3310.000000  0.286897
3320.000000  0.286966
3330.000000  0.287227
3340.000000  0.287409
3350.000000  0.287267
3360.000000  0.287150
3370.000000  0.286804
3380.000000  0.286959
3390.000000  0.287169
3400.000000  0.286784
3410.000000  0.286673
3420.000000  0.286884
3430.000000  0.287794
3440.000000  0.288166
3450.000000  0.288549
3460.000000  0.288853
3470.000000  0.288730
3480.000000  0.288603
3490.000000  0.288873
3500.000000  0.288851
3510.000000  0.289373
3520.000000  0.290014
3530.000000  0.290218
3540.000000  0.290568
3550.000000  0.290950
3560.000000  0.291020
3570.000000  0.291095
3580.000000  0.291235
3590.000000  0.291248
3600.000000  0.291459
