600.000000  0.365978
610.000000  0.366934
620.000000  0.369252
630.000000  0.370540
640.000000  0.371202
650.000000  0.372977
660.000000  0.374626
670.000000  0.375940
680.000000  0.376421
690.000000  0.376864
700.000000  0.378316
710.000000  0.376383
720.000000  0.377108
730.000000  0.377254
740.000000  0.377760
750.000000  0.377728
760.000000  0.377178
770.000000  0.376911
780.000000  0.375753
790.000000  0.374642
800.000000  0.374165
810.000000  0.372250
820.000000  0.370537
830.000000  0.369025
840.000000  0.366565
850.000000  0.365257
860.000000  0.363404
870.000000  0.361646
880.000000  0.359964
890.000000  0.357868
900.000000  0.357455
910.000000  0.355699
920.000000  0.354101
930.000000  0.353983
940.000000  0.352533
950.000000  0.351915
960.000000  0.350931
970.000000  0.350493
980.000000  0.350084
990.000000  0.350268
1000.000000  0.350495
1010.000000  0.350389
1020.000000  0.351115
1030.000000  0.351507
1040.000000  0.350824
1050.000000  0.352677
1060.000000  0.353107
1070.000000  0.354273
1080.000000  0.355558
1090.000000  0.355557
1100.000000  0.357192
1110.000000  0.358864
1120.000000  0.361416
1130.000000  0.361871
1140.000000  0.362130
1150.000000  0.362919
1160.000000  0.363582
1170.000000  0.364764
1180.000000  0.366511
1190.000000  0.367036
1200.000000  0.368316
1210.000000  0.369380
1220.000000  0.370448
1230.000000  0.371022
1240.000000  0.372383
1250.000000  0.373704
1260.000000  0.374049
1270.000000  0.375408
1280.000000  0.376246
1290.000000  0.377380
1300.000000  0.378099
1310.000000  0.379627
1320.000000  0.380652
1330.000000  0.383036
1340.000000  0.384355
1350.000000  0.385547
1360.000000  0.388051
1370.000000  0.389176
1380.000000  0.391482
1390.000000  0.391599
1400.000000  0.393519
1410.000000  0.395366
1420.000000  0.396847
1430.000000  0.396972
1440.000000  0.397984
1450.000000  0.400324
1460.000000  0.401337
1470.000000  0.402694
1480.000000  0.403274
1490.000000  0.404537
1500.000000  0.406325
1510.000000  0.406817
1520.000000  0.407090
1530.000000  0.409210
1540.000000  0.409862
1550.000000  0.409867
1560.000000  0.410988
1570.000000  0.412282
1580.000000  0.411979
1590.000000  0.412672
1600.000000  0.413113
1610.000000  0.414326
1620.000000  0.414293
1630.000000  0.413628
1640.000000  0.414668
1650.000000  0.414575
1660.000000  0.414785
1670.000000  0.415063
1680.000000  0.414740
1690.000000  0.415672
1700.000000  0.416260
1710.000000  0.415955
1720.000000  0.415365
1730.000000  0.416420
1740.000000  0.415867
1750.000000  0.416140
1760.000000  0.414952
1770.000000  0.416237
1780.000000  0.416020
1790.000000  0.416197
1800.000000  0.416594
1810.000000  0.416730
1820.000000  0.417956
1830.000000  0.417988
1840.000000  0.419055
1850.000000  0.418707
1860.000000  0.417946
1870.000000  0.419675
1880.000000  0.417246
1890.000000  0.418750
1900.000000  0.419437
1910.000000  0.418835
1920.000000  0.418465
1930.000000  0.419190
1940.000000  0.419640
1950.000000  0.419721
1960.000000  0.419556
1970.000000  0.420768
1980.000000  0.421453
1990.000000  0.421673
2000.000000  0.421854
2010.000000  0.422219
2020.000000  0.422750
2030.000000  0.423667
2040.000000  0.423067
2050.000000  0.424190
2060.000000  0.424956
2070.000000  0.424938
2080.000000  0.425734
2090.000000  0.426383
2100.000000  0.426522
2110.000000  0.427435
2120.000000  0.428082
2130.000000  0.428991
2140.000000  0.428795
2150.000000  0.429315
2160.000000  0.430758
2170.000000  0.432005
2180.000000  0.432691
2190.000000  0.432946
2200.000000  0.433352
2210.000000  0.435054
2220.000000  0.435328
2230.000000  0.435990
2240.000000  0.435563
2250.000000  0.436568
2260.000000  0.437854
2270.000000  0.438861
2280.000000  0.439146
2290.000000  0.440933
2300.000000  0.440553
2310.000000  0.441262
2320.000000  0.442278
2330.000000  0.442590
2340.000000  0.441795
2350.000000  0.443270
2360.000000  0.442830
2370.000000  0.444429
2380.000000  0.444260
2390.000000  0.444974
2400.000000  0.445929
2410.000000  0.447335
2420.000000  0.446669
2430.000000  0.447089
2440.000000  0.447888
2450.000000  0.449386
2460.000000  0.448372
2470.000000  0.448966
2480.000000  0.450619
2490.000000  0.451324
2500.000000  0.451343
2510.000000  0.452025
2520.000000  0.452267
2530.000000  0.452140
2540.000000  0.453029
2550.000000  0.452993
2560.000000  0.453091
2570.000000  0.452864
2580.000000  0.453094
2590.000000  0.453692
2600.000000  0.453960
2610.000000  0.453845
2620.000000  0.453858
2630.000000  0.453895
2640.000000  0.454386
2650.000000  0.454406
2660.000000  0.454235
2670.000000  0.452828
2680.000000  0.452641
2690.000000  0.452815
2700.000000  0.452360
2710.000000  0.451171
2720.000000  0.449024
2730.000000  0.447030
2740.000000  0.443243
2750.000000  0.441428
2760.000000  0.439398
2770.000000  0.436498
2780.000000  0.434755
2790.000000  0.432434
2800.000000  0.431692
2810.000000  0.430333
2820.000000  0.429184
2830.000000  0.428108
2840.000000  0.427792
2850.000000  0.426903
2860.000000  0.426314
2870.000000  0.425793
2880.000000  0.425342
2890.000000  0.424604
2900.000000  0.424416
2910.000000  0.424507
2920.000000  0.424106
2930.000000  0.423809
2940.000000  0.423761
2950.000000  0.423787
2960.000000  0.424302
2970.000000  0.424254
2980.000000  0.424696
2990.000000  0.425473
3000.000000  0.425711
3010.000000  0.426234
3020.000000  0.426488
3030.000000  0.426479
3040.000000  0.426792
3050.000000  0.426938
3060.000000  0.427179
3070.000000  0.427809
3080.000000  0.428545
3090.000000  0.429006
3100.000000  0.429312
3110.000000  0.429923
3120.000000  0.430654
3130.000000  0.431158
3140.000000  0.431859
3150.000000  0.432409
3160.000000  0.433279
3170.000000  0.433808
3180.000000  0.434278
3190.000000  0.434897
3200.000000  0.435578
3210.000000  0.435747
3220.000000  0.436395
3230.000000  0.437133
3240.000000  0.437193
3250.000000  0.437579
3260.000000  0.438193
3270.000000  0.438683
3280.000000  0.439061
3290.000000  0.439393
3300.000000  0.439946
3310.000000  0.440324
3320.000000  0.440503
3330.000000  0.440853
3340.000000  0.441027
3350.000000  0.441072
3360.000000  0.440621
3370.000000  0.440104
3380.000000  0.440637
3390.000000  0.441131
3400.000000  0.440725
3410.000000  0.440763
3420.000000  0.441432
3430.000000  0.442183
3440.000000  0.443010
3450.000000  0.443553
3460.000000  0.443722
3470.000000  0.444026
3480.000000  0.443757
3490.000000  0.444209
3500.000000  0.444180
3510.000000  0.445057
3520.000000  0.445899
3530.000000  0.446083
3540.000000  0.446691
3550.000000  0.446929
3560.000000  0.447294
3570.000000  0.447508
3580.000000  0.448056
3590.000000  0.448095
3600.000000  0.448236
