600.000000  0.248707
610.000000  0.251196
620.000000  0.252760
630.000000  0.254936
640.000000  0.256901
650.000000  0.258756
660.000000  0.261195
670.000000  0.263387
680.000000  0.265589
690.000000  0.268140
700.000000  0.270419
710.000000  0.273134
720.000000  0.275580
730.000000  0.278198
740.000000  0.281293
750.000000  0.283421
760.000000  0.285671
770.000000  0.286704
780.000000  0.289391
790.000000  0.290916
800.000000  0.292216
810.000000  0.293401
820.000000  0.294486
830.000000  0.295375
840.000000  0.296293
850.000000  0.296345
860.000000  0.296488
870.000000  0.297034
880.000000  0.297029
890.000000  0.296851
900.000000  0.296127
910.000000  0.296636
920.000000  0.296485
930.000000  0.295866
940.000000  0.295117
950.000000  0.294798
960.000000  0.294456
970.000000  0.293834
980.000000  0.293305
990.000000  0.292713
1000.000000  0.291996
1010.000000  0.292034
1020.000000  0.292100
1030.000000  0.291952
1040.000000  0.292376
1050.000000  0.292742
1060.000000  0.292914
1070.000000  0.293374
1080.000000  0.294393
1090.000000  0.294865
1100.000000  0.296128
1110.000000  0.296924
1120.000000  0.297731
1130.000000  0.298428
1140.000000  0.299322
1150.000000  0.300022
1160.000000  0.300976
1170.000000  0.301549
1180.000000  0.302357
1190.000000  0.302257
1200.000000  0.302776
1210.000000  0.303750
1220.000000  0.303433
1230.000000  0.304440
1240.000000  0.304472
1250.000000  0.304829
1260.000000  0.305186
1270.000000  0.305151
1280.000000  0.305071
1290.000000  0.305740
1300.000000  0.306546
1310.000000  0.306940
1320.000000  0.307850
1330.000000  0.308527
1340.000000  0.308960
1350.000000  0.309628
1360.000000  0.310806
1370.000000  0.311977
1380.000000  0.312020
1390.000000  0.313169
1400.000000  0.313962
1410.000000  0.315966
1420.000000  0.316024
1430.000000  0.316480
1440.000000  0.317712
1450.000000  0.318471
1460.000000  0.319307
1470.000000  0.320393
1480.000000  0.321127
1490.000000  0.321828
1500.000000  0.321935
1510.000000  0.323035
1520.000000  0.323599
1530.000000  0.324322
1540.000000  0.325207
1550.000000  0.325253
1560.000000  0.325646
1570.000000  0.326380
1580.000000  0.326943
1590.000000  0.327957
1600.000000  0.328293
1610.000000  0.328608
1620.000000  0.329248
1630.000000  0.330276
1640.000000  0.330445
1650.000000  0.330840
1660.000000  0.332718
1670.000000  0.334151
1680.000000  0.335000
1690.000000  0.334652
1700.000000  0.335273
1710.000000  0.335681
1720.000000  0.336250
1730.000000  0.336205
1740.000000  0.336266
1750.000000  0.336920
1760.000000  0.336969
1770.000000  0.337628
1780.000000  0.338355
1790.000000  0.338627
1800.000000  0.339196
1810.000000  0.339433
1820.000000  0.339851
1830.000000  0.339907
1840.000000  0.339959
1850.000000  0.339785
1860.000000  0.340944
1870.000000  0.341381
1880.000000  0.340305
1890.000000  0.341641
1900.000000  0.342307
1910.000000  0.341191
1920.000000  0.342197
1930.000000  0.342646
1940.000000  0.343549
1950.000000  0.342889
1960.000000  0.343819
1970.000000  0.343959
1980.000000  0.344208
1990.000000  0.344049
2000.000000  0.344340
2010.000000  0.345233
2020.000000  0.345206
2030.000000  0.345619
2040.000000  0.346688
2050.000000  0.346091
2060.000000  0.346781
2070.000000  0.346853
2080.000000  0.347201
2090.000000  0.347756
2100.000000  0.347777
2110.000000  0.347875
2120.000000  0.348193
2130.000000  0.348917
2140.000000  0.349332
2150.000000  0.349829
2160.000000  0.350097
2170.000000  0.350321
2180.000000  0.350864
2190.000000  0.351703
2200.000000  0.352285
2210.000000  0.353027
2220.000000  0.352981
2230.000000  0.353626
2240.000000  0.353909
2250.000000  0.354439
2260.000000  0.355219
2270.000000  0.356185
2280.000000  0.356949
2290.000000  0.357300
2300.000000  0.357575
2310.000000  0.358877
2320.000000  0.358773
2330.000000  0.359373
2340.000000  0.359667
2350.000000  0.360494
2360.000000  0.360541
2370.000000  0.360934
2380.000000  0.361490
2390.000000  0.362151
2400.000000  0.363034
2410.000000  0.363138
2420.000000  0.364132
2430.000000  0.365362
2440.000000  0.365351
2450.000000  0.366371
2460.000000  0.367185
2470.000000  0.367627
2480.000000  0.368615
2490.000000  0.369653
2500.000000  0.370102
2510.000000  0.370292
2520.000000  0.370946
2530.000000  0.371096
2540.000000  0.371101
2550.000000  0.371515
2560.000000  0.372237
2570.000000  0.372187
2580.000000  0.372302
2590.000000  0.372340
2600.000000  0.373301
2610.000000  0.373381
2620.000000  0.374275
2630.000000  0.374992
2640.000000  0.374948
2650.000000  0.375175
2660.000000  0.375540
2670.000000  0.375466
2680.000000  0.374218
2690.000000  0.374284
2700.000000  0.373787
2710.000000  0.373976
2720.000000  0.373125
2730.000000  0.371456
2740.000000  0.370847
2750.000000  0.368826
2760.000000  0.367046
2770.000000  0.366358
2780.000000  0.365172
2790.000000  0.363663
2800.000000  0.363447
2810.000000  0.362986
2820.000000  0.362514
2830.000000  0.361976
2840.000000  0.361694
2850.000000  0.361495
2860.000000  0.361177
2870.000000  0.361016
2880.000000  0.360859
2890.000000  0.360825
2900.000000  0.360941
2910.000000  0.361346
2920.000000  0.361543
2930.000000  0.361949
2940.000000  0.362247
2950.000000  0.362731
2960.000000  0.363407
2970.000000  0.363810
2980.000000  0.364590
2990.000000  0.365123
3000.000000  0.365533
3010.000000  0.366174
3020.000000  0.366768
3030.000000  0.367135
3040.000000  0.367528
3050.000000  0.368210
3060.000000  0.368674
3070.000000  0.369273
3080.000000  0.369885
3090.000000  0.370424
3100.000000  0.371168
3110.000000  0.372021
3120.000000  0.372638
3130.000000  0.373346
3140.000000  0.374241
3150.000000  0.374920
3160.000000  0.375537
3170.000000  0.376353
3180.000000  0.377198
3190.000000  0.377696
3200.000000  0.378429
3210.000000  0.378877
3220.000000  0.379746
3230.000000  0.380409
3240.000000  0.380925
3250.000000  0.381323
3260.000000  0.382156
3270.000000  0.382860
3280.000000  0.383366
3290.000000  0.383856
3300.000000  0.384562
3310.000000  0.385016
3320.000000  0.385367
3330.000000  0.386108
3340.000000  0.386334
3350.000000  0.386763
3360.000000  0.386572
3370.000000  0.386690
3380.000000  0.387063
3390.000000  0.387662
3400.000000  0.387713
3410.000000  0.387712
3420.000000  0.388313
3430.000000  0.389364
3440.000000  0.390245
3450.000000  0.390900
3460.000000  0.391538
3470.000000  0.391818
3480.000000  0.392125
3490.000000  0.392686
3500.000000  0.393001
3510.000000  0.393938
3520.000000  0.394845
3530.000000  0.395555
3540.000000  0.396169
3550.000000  0.396885
3560.000000  0.397436
3570.000000  0.398058
3580.000000  0.398587
3590.000000  0.398931
3600.000000  0.399367
