600.000000  0.351159
610.000000  0.353481
620.000000  0.354297
630.000000  0.356025
640.000000  0.357394
650.000000  0.359146
660.000000  0.360278
670.000000  0.362246
680.000000  0.363590
690.000000  0.364625
700.000000  0.366484
710.000000  0.367353
720.000000  0.368127
730.000000  0.370169
740.000000  0.372015
750.000000  0.373743
760.000000  0.375406
770.000000  0.376874
780.000000  0.378213
790.000000  0.378942
800.000000  0.380084
810.000000  0.379945
820.000000  0.379656
830.000000  0.379691
840.000000  0.378939
850.000000  0.378543
860.000000  0.377042
870.000000  0.375401
880.000000  0.375801
890.000000  0.374980
900.000000  0.374209
910.000000  0.372083
920.000000  0.370616
930.000000  0.370482
940.000000  0.369359
950.000000  0.369423
960.000000  0.369877
970.000000  0.369802
980.000000  0.370241
990.000000  0.370804
1000.000000  0.371901
1010.000000  0.372984
1020.000000  0.374917
1030.000000  0.375518
1040.000000  0.376856
1050.000000  0.378705
1060.000000  0.379724
1070.000000  0.380881
1080.000000  0.382455
1090.000000  0.382813
1100.000000  0.383252
1110.000000  0.384255
1120.000000  0.384462
1130.000000  0.385183
1140.000000  0.385326
1150.000000  0.386492
1160.000000  0.386206
1170.000000  0.387048
1180.000000  0.387251
1190.000000  0.387509
1200.000000  0.386131
1210.000000  0.386781
1220.000000  0.386896
1230.000000  0.387534
1240.000000  0.386970
1250.000000  0.387240
1260.000000  0.387636
1270.000000  0.388738
1280.000000  0.388966
1290.000000  0.389252
1300.000000  0.390556
1310.000000  0.391166
1320.000000  0.391692
1330.000000  0.391802
1340.000000  0.392692
1350.000000  0.392960
1360.000000  0.394539
1370.000000  0.393801
1380.000000  0.395098
1390.000000  0.395732
1400.000000  0.396265
1410.000000  0.396422
1420.000000  0.397882
1430.000000  0.398224
1440.000000  0.398717
1450.000000  0.399446
1460.000000  0.400015
1470.000000  0.400795
1480.000000  0.401567
1490.000000  0.401439
1500.000000  0.401891
1510.000000  0.402866
1520.000000  0.403446
1530.000000  0.403742
1540.000000  0.403736
1550.000000  0.404865
1560.000000  0.405857
1570.000000  0.406037
1580.000000  0.406093
1590.000000  0.406502
1600.000000  0.406965
1610.000000  0.406869
1620.000000  0.407649
1630.000000  0.407798
1640.000000  0.407796
1650.000000  0.408578
1660.000000  0.409327
1670.000000  0.409495
1680.000000  0.410419
1690.000000  0.409954
1700.000000  0.411740
1710.000000  0.410577
1720.000000  0.410768
1730.000000  0.411168
1740.000000  0.410760
1750.000000  0.411328
1760.000000  0.411070
1770.000000  0.411127
1780.000000  0.411716
1790.000000  0.411113
1800.000000  0.411389
1810.000000  0.411106
1820.000000  0.412092
1830.000000  0.412154
1840.000000  0.412222
1850.000000  0.412248
1860.000000  0.412155
1870.000000  0.412572
1880.000000  0.411748
1890.000000  0.411851
1900.000000  0.412304
1910.000000  0.412735
1920.000000  0.412571
1930.000000  0.412431
1940.000000  0.411977
1950.000000  0.412840
1960.000000  0.413296
1970.000000  0.413453
1980.000000  0.413638
1990.000000  0.413041
2000.000000  0.413116
2010.000000  0.413946
2020.000000  0.413642
2030.000000  0.414717
2040.000000  0.414294
2050.000000  0.414992
2060.000000  0.415325
2070.000000  0.415295
2080.000000  0.416315
2090.000000  0.416860
2100.000000  0.416855
2110.000000  0.416997
2120.000000  0.417356
2130.000000  0.418597
2140.000000  0.418532
2150.000000  0.418638
2160.000000  0.419707
2170.000000  0.419894
2180.000000  0.419694
2190.000000  0.420905
2200.000000  0.421119
2210.000000  0.421898
2220.000000  0.422815
2230.000000  0.423204
2240.000000  0.423869
2250.000000  0.424900
2260.000000  0.425388
2270.000000  0.426606
2280.000000  0.427058
2290.000000  0.427663
2300.000000  0.428590
2310.000000  0.429436
2320.000000  0.429667
2330.000000  0.430124
2340.000000  0.430873
2350.000000  0.431677
2360.000000  0.431881
2370.000000  0.432545
2380.000000  0.432824
2390.000000  0.433338
2400.000000  0.434439
2410.000000  0.435127
2420.000000  0.435826
2430.000000  0.436673
2440.000000  0.437381
2450.000000  0.436885
2460.000000  0.438255
2470.000000  0.438586
2480.000000  0.439448
2490.000000  0.440175
2500.000000  0.440493
2510.000000  0.440977
2520.000000  0.441414
2530.000000  0.441416
2540.000000  0.442511
2550.000000  0.442252
2560.000000  0.442808
2570.000000  0.442864
2580.000000  0.443207
2590.000000  0.443590
2600.000000  0.443896
2610.000000  0.443869
2620.000000  0.443892
2630.000000  0.444052
2640.000000  0.444662
2650.000000  0.444669
2660.000000  0.444558
2670.000000  0.443450
2680.000000  0.442712
2690.000000  0.442882
2700.000000  0.442394
2710.000000  0.440558
2720.000000  0.438213
2730.000000  0.436590
2740.000000  0.431838
2750.000000  0.429117
2760.000000  0.425065
2770.000000  0.421048
2780.000000  0.417628
2790.000000  0.414599
2800.000000  0.412485
2810.000000  0.410294
2820.000000  0.408529
2830.000000  0.406959
2840.000000  0.405726
2850.000000  0.404688
2860.000000  0.403648
2870.000000  0.402539
2880.000000  0.402014
2890.000000  0.401397
2900.000000  0.401130
2910.000000  0.401034
2920.000000  0.400897
2930.000000  0.400616
2940.000000  0.400551
2950.000000  0.400845
2960.000000  0.401558
2970.000000  0.401545
2980.000000  0.402772
2990.000000  0.403464
3000.000000  0.404546
3010.000000  0.405503
3020.000000  0.406587
3030.000000  0.406973
3040.000000  0.407595
3050.000000  0.408349
3060.000000  0.409030
3070.000000  0.409747
3080.000000  0.410412
3090.000000  0.411345
3100.000000  0.412239
3110.000000  0.413259
3120.000000  0.414006
3130.000000  0.415230
3140.000000  0.416117
3150.000000  0.417130
3160.000000  0.418053
3170.000000  0.419214
3180.000000  0.420128
3190.000000  0.421119
3200.000000  0.422096
3210.000000  0.422559
3220.000000  0.423852
3230.000000  0.425083
3240.000000  0.425600
3250.000000  0.426493
3260.000000  0.427218
3270.000000  0.428372
3280.000000  0.428967
3290.000000  0.429688
3300.000000  0.430438
3310.000000  0.431369
3320.000000  0.431578
3330.000000  0.432559
3340.000000  0.432910
3350.000000  0.433555
3360.000000  0.433199
3370.000000  0.433114
3380.000000  0.433787
3390.000000  0.434784
3400.000000  0.434401
3410.000000  0.434701
3420.000000  0.435589
3430.000000  0.436650
3440.000000  0.437718
3450.000000  0.438422
3460.000000  0.438888
3470.000000  0.439187
3480.000000  0.439394
3490.000000  0.439966
3500.000000  0.440740
3510.000000  0.441638
3520.000000  0.442639
3530.000000  0.443383
3540.000000  0.444057
3550.000000  0.444885
3560.000000  0.445591
3570.000000  0.446114
3580.000000  0.446295
3590.000000  0.446995
3600.000000  0.447319
