600.000000  0.095300
610.000000  0.098300
620.000000  0.101340
630.000000  0.104270
640.000000  0.106590
650.000000  0.108800
660.000000  0.111290
670.000000  0.113690
680.000000  0.115820
690.000000  0.117850
700.000000  0.119850
710.000000  0.121990
720.000000  0.123560
730.000000  0.125240
740.000000  0.126980
750.000000  0.128130
760.000000  0.129560
770.000000  0.130870
780.000000  0.132120
790.000000  0.132980
800.000000  0.134020
810.000000  0.134980
820.000000  0.135820
830.000000  0.136380
840.000000  0.137000
850.000000  0.137760
860.000000  0.138010
870.000000  0.138380
880.000000  0.138640
890.000000  0.138730
900.000000  0.138950
910.000000  0.139150
920.000000  0.139120
930.000000  0.139010
940.000000  0.139050
950.000000  0.139450
960.000000  0.139740
970.000000  0.139920
980.000000  0.139890
990.000000  0.139570
1000.000000  0.139240
1010.000000  0.139250
1020.000000  0.139580
1030.000000  0.139900
1040.000000  0.139890
1050.000000  0.139810
1060.000000  0.139820
1070.000000  0.139960
1080.000000  0.140110
1090.000000  0.140430
1100.000000  0.140630
1110.000000  0.140760
1120.000000  0.140970
1130.000000  0.141510
1140.000000  0.142400
1150.000000  0.143380
1160.000000  0.144240
1170.000000  0.144660
1180.000000  0.145320
1190.000000  0.146130
1200.000000  0.146970
1210.000000  0.147550
1220.000000  0.148250
1230.000000  0.148880
1240.000000  0.149940
1250.000000  0.151050
1260.000000  0.152420
1270.000000  0.153490
1280.000000  0.154430
1290.000000  0.155870
1300.000000  0.157430
1310.000000  0.158890
1320.000000  0.160260
1330.000000  0.161480
1340.000000  0.162830
1350.000000  0.164150
1360.000000  0.165760
1370.000000  0.167090
1380.000000  0.168330
1390.000000  0.169880
1400.000000  0.171380
1410.000000  0.172640
1420.000000  0.173940
1430.000000  0.175230
1440.000000  0.176490
1450.000000  0.177700
1460.000000  0.178710
1470.000000  0.179870
1480.000000  0.181080
1490.000000  0.182160
1500.000000  0.183040
1510.000000  0.184000
1520.000000  0.184640
1530.000000  0.185370
1540.000000  0.186150
1550.000000  0.186820
1560.000000  0.187230
1570.000000  0.187510
1580.000000  0.187860
1590.000000  0.188410
1600.000000  0.188910
1610.000000  0.189030
1620.000000  0.189400
1630.000000  0.189760
1640.000000  0.189620
1650.000000  0.189660
1660.000000  0.189700
1670.000000  0.189780
1680.000000  0.190280
1690.000000  0.190340
1700.000000  0.190900
1710.000000  0.190820
1720.000000  0.190780
1730.000000  0.190700
1740.000000  0.190580
1750.000000  0.190880
1760.000000  0.191390
1770.000000  0.191430
1780.000000  0.191630
1790.000000  0.191810
1800.000000  0.192050
1810.000000  0.192490
1820.000000  0.192790
1830.000000  0.192920
1840.000000  0.193070
1850.000000  0.193100
1860.000000  0.193240
1870.000000  0.193350
1880.000000  0.193650
1890.000000  0.193780
1900.000000  0.194060
1910.000000  0.194310
1920.000000  0.194730
1930.000000  0.195030
1940.000000  0.195170
1950.000000  0.195230
1960.000000  0.195580
1970.000000  0.195820
1980.000000  0.196260
1990.000000  0.196990
2000.000000  0.197540
2010.000000  0.197580
2020.000000  0.198000
2030.000000  0.198600
2040.000000  0.199110
2050.000000  0.199350
2060.000000  0.200200
2070.000000  0.200690
2080.000000  0.201370
2090.000000  0.201860
2100.000000  0.202470
2110.000000  0.203170
2120.000000  0.204290
2130.000000  0.204660
2140.000000  0.205550
2150.000000  0.206300
2160.000000  0.207270
2170.000000  0.208240
2180.000000  0.208940
2190.000000  0.209360
2200.000000  0.210350
2210.000000  0.211360
2220.000000  0.211920
2230.000000  0.212830
2240.000000  0.214270
2250.000000  0.215020
2260.000000  0.215930
2270.000000  0.216640
2280.000000  0.217640
2290.000000  0.218400
2300.000000  0.219950
2310.000000  0.220770
2320.000000  0.221500
2330.000000  0.221880
2340.000000  0.223020
2350.000000  0.223920
2360.000000  0.224810
2370.000000  0.225430
2380.000000  0.226190
2390.000000  0.226910
2400.000000  0.228040
2410.000000  0.229080
2420.000000  0.230140
2430.000000  0.231410
2440.000000  0.232230
2450.000000  0.233220
2460.000000  0.234120
2470.000000  0.234500
2480.000000  0.235430
2490.000000  0.236540
2500.000000  0.236790
2510.000000  0.237620
2520.000000  0.238180
2530.000000  0.239330
2540.000000  0.240280
2550.000000  0.241000
2560.000000  0.241754
2570.000000  0.242522
2580.000000  0.243184
2590.000000  0.243974
2600.000000  0.244610
2610.000000  0.245373
2620.000000  0.246169
2630.000000  0.246830
2640.000000  0.247322
2650.000000  0.248062
2660.000000  0.248726
2670.000000  0.249519
2680.000000  0.249830
2690.000000  0.250311
2700.000000  0.250803
2710.000000  0.251256
2720.000000  0.251696
2730.000000  0.251367
2740.000000  0.251390
2750.000000  0.250774
2760.000000  0.250239
2770.000000  0.249610
2780.000000  0.248869
2790.000000  0.248318
2800.000000  0.247847
2810.000000  0.247360
2820.000000  0.247028
2830.000000  0.246819
2840.000000  0.246657
2850.000000  0.246759
2860.000000  0.246757
2870.000000  0.246800
2880.000000  0.246820
2890.000000  0.246895
2900.000000  0.246999
2910.000000  0.247159
2920.000000  0.247227
2930.000000  0.247446
2940.000000  0.247742
2950.000000  0.248091
2960.000000  0.248539
2970.000000  0.248904
2980.000000  0.249378
2990.000000  0.249874
3000.000000  0.250272
3010.000000  0.250665
3020.000000  0.251136
3030.000000  0.251562
3040.000000  0.252133
3050.000000  0.252583
3060.000000  0.253053
3070.000000  0.253536
3080.000000  0.253978
3090.000000  0.254474
3100.000000  0.255032
3110.000000  0.255567
3120.000000  0.256160
3130.000000  0.256672
3140.000000  0.257196
3150.000000  0.257713
3160.000000  0.258234
3170.000000  0.258683
3180.000000  0.259219
3190.000000  0.259672
3200.000000  0.260216
3210.000000  0.260646
3220.000000  0.261226
3230.000000  0.261708
3240.000000  0.262181
3250.000000  0.262578
3260.000000  0.263033
3270.000000  0.263474
3280.000000  0.263901
3290.000000  0.264355
3300.000000  0.264777
3310.000000  0.265153
3320.000000  0.265486
3330.000000  0.265952
3340.000000  0.266204
3350.000000  0.266533
3360.000000  0.266831
3370.000000  0.267099
3380.000000  0.267705
3390.000000  0.268346
3400.000000  0.268699
3410.000000  0.269239
3420.000000  0.270004
3430.000000  0.270460
3440.000000  0.270671
3450.000000  0.270986
3460.000000  0.271361
3470.000000  0.271529
3480.000000  0.271907
3490.000000  0.272345
3500.000000  0.272842
3510.000000  0.273413
3520.000000  0.273622
3530.000000  0.273952
3540.000000  0.274299
3550.000000  0.274628
3560.000000  0.275027
3570.000000  0.275365
3580.000000  0.275730
3590.000000  0.276190
3600.000000  0.276498
