600.000000  0.086110
610.000000  0.089250
620.000000  0.092340
630.000000  0.095300
640.000000  0.098140
650.000000  0.100450
660.000000  0.103130
670.000000  0.105470
680.000000  0.107500
690.000000  0.109510
700.000000  0.111020
710.000000  0.112630
720.000000  0.113950
730.000000  0.115220
740.000000  0.116390
750.000000  0.117360
760.000000  0.118370
770.000000  0.119100
780.000000  0.119650
790.000000  0.120220
800.000000  0.120600
810.000000  0.121020
820.000000  0.121350
830.000000  0.121660
840.000000  0.121870
850.000000  0.121930
860.000000  0.121960
870.000000  0.122040
880.000000  0.121930
890.000000  0.121810
900.000000  0.121820
910.000000  0.121830
920.000000  0.121600
930.000000  0.121320
940.000000  0.121180
950.000000  0.121010
960.000000  0.120900
970.000000  0.120620
980.000000  0.120380
990.000000  0.120110
1000.000000  0.119890
1010.000000  0.119720
1020.000000  0.119560
1030.000000  0.119540
1040.000000  0.119580
1050.000000  0.119440
1060.000000  0.119360
1070.000000  0.119290
1080.000000  0.119500
1090.000000  0.119690
1100.000000  0.120050
1110.000000  0.120380
1120.000000  0.120800
1130.000000  0.121150
1140.000000  0.121560
1150.000000  0.121960
1160.000000  0.122530
1170.000000  0.123140
1180.000000  0.123550
1190.000000  0.124290
1200.000000  0.125010
1210.000000  0.125690
1220.000000  0.126460
1230.000000  0.127250
1240.000000  0.128040
1250.000000  0.128940
1260.000000  0.129890
1270.000000  0.130970
1280.000000  0.132010
1290.000000  0.133170
1300.000000  0.134480
1310.000000  0.135770
1320.000000  0.137050
1330.000000  0.138410
1340.000000  0.139790
1350.000000  0.141000
1360.000000  0.142340
1370.000000  0.143690
1380.000000  0.145130
1390.000000  0.146530
1400.000000  0.147830
1410.000000  0.148980
1420.000000  0.150240
1430.000000  0.151580
1440.000000  0.152700
1450.000000  0.153790
1460.000000  0.154680
1470.000000  0.155780
1480.000000  0.156760
1490.000000  0.157660
1500.000000  0.158440
1510.000000  0.159200
1520.000000  0.159900
1530.000000  0.160610
1540.000000  0.161130
1550.000000  0.161690
1560.000000  0.162130
1570.000000  0.162570
1580.000000  0.162930
1590.000000  0.163180
1600.000000  0.163540
1610.000000  0.163910
1620.000000  0.164240
1630.000000  0.164500
1640.000000  0.164720
1650.000000  0.164880
1660.000000  0.165150
1670.000000  0.165210
1680.000000  0.165270
1690.000000  0.165300
1700.000000  0.165180
1710.000000  0.165650
1720.000000  0.165820
1730.000000  0.165990
1740.000000  0.165930
1750.000000  0.165930
1760.000000  0.165780
1770.000000  0.165610
1780.000000  0.165730
1790.000000  0.165810
1800.000000  0.165960
1810.000000  0.166030
1820.000000  0.166100
1830.000000  0.166180
1840.000000  0.166440
1850.000000  0.166570
1860.000000  0.166630
1870.000000  0.166850
1880.000000  0.166940
1890.000000  0.167240
1900.000000  0.167390
1910.000000  0.167520
1920.000000  0.168130
1930.000000  0.168400
1940.000000  0.168640
1950.000000  0.168990
1960.000000  0.169190
1970.000000  0.169330
1980.000000  0.170010
1990.000000  0.170100
2000.000000  0.170900
2010.000000  0.171470
2020.000000  0.172020
2030.000000  0.173600
2040.000000  0.174000
2050.000000  0.174950
2060.000000  0.175030
2070.000000  0.175950
2080.000000  0.176450
2090.000000  0.177250
2100.000000  0.178160
2110.000000  0.178910
2120.000000  0.180140
2130.000000  0.180960
2140.000000  0.181570
2150.000000  0.182560
2160.000000  0.183540
2170.000000  0.184350
2180.000000  0.185010
2190.000000  0.185930
2200.000000  0.187210
2210.000000  0.188200
2220.000000  0.189660
2230.000000  0.190530
2240.000000  0.191220
2250.000000  0.192260
2260.000000  0.193380
2270.000000  0.194450
2280.000000  0.194980
2290.000000  0.195700
2300.000000  0.197180
2310.000000  0.197690
2320.000000  0.198930
2330.000000  0.200110
2340.000000  0.200780
2350.000000  0.201640
2360.000000  0.202250
2370.000000  0.203060
2380.000000  0.203970
2390.000000  0.205110
2400.000000  0.205970
2410.000000  0.206680
2420.000000  0.207560
2430.000000  0.208350
2440.000000  0.209060
2450.000000  0.209890
2460.000000  0.210690
2470.000000  0.211690
2480.000000  0.212680
2490.000000  0.213400
2500.000000  0.214050
2510.000000  0.214490
2520.000000  0.215100
2530.000000  0.215900
2540.000000  0.216390
2550.000000  0.216710
2560.000000  0.217418
2570.000000  0.218082
2580.000000  0.218788
2590.000000  0.219458
2600.000000  0.220074
2610.000000  0.220798
2620.000000  0.221576
2630.000000  0.222212
2640.000000  0.222728
2650.000000  0.223341
2660.000000  0.224073
2670.000000  0.225202
2680.000000  0.225491
2690.000000  0.225819
2700.000000  0.226329
2710.000000  0.226843
2720.000000  0.227443
2730.000000  0.227177
2740.000000  0.227500
2750.000000  0.227126
2760.000000  0.226881
2770.000000  0.226620
2780.000000  0.226235
2790.000000  0.225874
2800.000000  0.225713
2810.000000  0.225623
2820.000000  0.225554
2830.000000  0.225606
2840.000000  0.225580
2850.000000  0.225750
2860.000000  0.225869
2870.000000  0.226065
2880.000000  0.226270
2890.000000  0.226438
2900.000000  0.226641
2910.000000  0.226871
2920.000000  0.227088
2930.000000  0.227347
2940.000000  0.227685
2950.000000  0.227998
2960.000000  0.228477
2970.000000  0.228768
2980.000000  0.229256
2990.000000  0.229661
3000.000000  0.230106
3010.000000  0.230492
3020.000000  0.230868
3030.000000  0.231299
3040.000000  0.231624
3050.000000  0.232028
3060.000000  0.232345
3070.000000  0.232647
3080.000000  0.233008
3090.000000  0.233363
3100.000000  0.233749
3110.000000  0.234143
3120.000000  0.234550
3130.000000  0.234945
3140.000000  0.235406
3150.000000  0.235777
3160.000000  0.236145
3170.000000  0.236541
3180.000000  0.236944
3190.000000  0.237337
3200.000000  0.237741
3210.000000  0.238050
3220.000000  0.238504
3230.000000  0.238874
3240.000000  0.239263
3250.000000  0.239568
3260.000000  0.239929
3270.000000  0.240319
3280.000000  0.240626
3290.000000  0.240891
3300.000000  0.241257
3310.000000  0.241585
3320.000000  0.241841
3330.000000  0.242200
3340.000000  0.242409
3350.000000  0.242645
3360.000000  0.242936
3370.000000  0.243064
3380.000000  0.243587
3390.000000  0.244125
3400.000000  0.244333
3410.000000  0.244788
3420.000000  0.245439
3430.000000  0.245890
3440.000000  0.246057
3450.000000  0.246377
3460.000000  0.246662
3470.000000  0.246800
3480.000000  0.247098
3490.000000  0.247439
3500.000000  0.247903
3510.000000  0.248450
3520.000000  0.248564
3530.000000  0.248803
3540.000000  0.249172
3550.000000  0.249456
3560.000000  0.249759
3570.000000  0.250115
3580.000000  0.250438
3590.000000  0.250796
3600.000000  0.251112
