600.000000  0.061375
610.000000  0.062321
620.000000  0.063060
630.000000  0.064099
640.000000  0.064947
650.000000  0.065602
660.000000  0.066076
670.000000  0.066798
680.000000  0.067336
690.000000  0.067713
700.000000  0.068157
710.000000  0.069009
720.000000  0.070245
730.000000  0.070799
740.000000  0.071396
750.000000  0.072313
760.000000  0.072734
770.000000  0.073587
780.000000  0.073920
790.000000  0.074472
800.000000  0.075115
810.000000  0.075442
820.000000  0.075689
830.000000  0.076094
840.000000  0.076220
850.000000  0.076288
860.000000  0.075733
870.000000  0.075834
880.000000  0.075887
890.000000  0.076451
900.000000  0.076298
910.000000  0.076316
920.000000  0.076136
930.000000  0.076526
940.000000  0.076713
950.000000  0.076741
960.000000  0.077161
970.000000  0.077945
980.000000  0.078175
990.000000  0.078651
1000.000000  0.079117
1010.000000  0.079544
1020.000000  0.080311
1030.000000  0.081257
1040.000000  0.081836
1050.000000  0.082741
1060.000000  0.083727
1070.000000  0.084091
1080.000000  0.085027
1090.000000  0.085881
1100.000000  0.086708
1110.000000  0.087750
1120.000000  0.088753
1130.000000  0.089416
1140.000000  0.090606
1150.000000  0.091177
1160.000000  0.092349
1170.000000  0.093114
1180.000000  0.093863
1190.000000  0.094709
1200.000000  0.095356
1210.000000  0.096177
1220.000000  0.096758
1230.000000  0.097622
1240.000000  0.098255
1250.000000  0.098962
1260.000000  0.099767
1270.000000  0.100954
1280.000000  0.101582
1290.000000  0.102268
1300.000000  0.103094
1310.000000  0.104067
1320.000000  0.105047
1330.000000  0.105857
1340.000000  0.106655
1350.000000  0.107703
1360.000000  0.108025
1370.000000  0.109228
1380.000000  0.110373
1390.000000  0.110881
1400.000000  0.111956
1410.000000  0.113087
1420.000000  0.113793
1430.000000  0.114870
1440.000000  0.115740
1450.000000  0.116118
1460.000000  0.117543
1470.000000  0.117944
1480.000000  0.118778
1490.000000  0.119342
1500.000000  0.120387
1510.000000  0.121266
1520.000000  0.122035
1530.000000  0.122728
1540.000000  0.123321
1550.000000  0.123966
1560.000000  0.124962
1570.000000  0.125508
1580.000000  0.126292
1590.000000  0.126890
1600.000000  0.127751
1610.000000  0.128276
1620.000000  0.128936
1630.000000  0.129305
1640.000000  0.130116
1650.000000  0.130819
1660.000000  0.131897
1670.000000  0.132408
1680.000000  0.132630
1690.000000  0.133741
1700.000000  0.134284
1710.000000  0.135058
1720.000000  0.135623
1730.000000  0.136159
1740.000000  0.136879
1750.000000  0.137407
1760.000000  0.137983
1770.000000  0.138521
1780.000000  0.139072
1790.000000  0.139663
1800.000000  0.140254
1810.000000  0.140715
1820.000000  0.141065
1830.000000  0.142159
1840.000000  0.142650
1850.000000  0.143176
1860.000000  0.143544
1870.000000  0.143215
1880.000000  0.145695
1890.000000  0.145449
1900.000000  0.145666
1910.000000  0.147153
1920.000000  0.147361
1930.000000  0.147974
1940.000000  0.148460
1950.000000  0.148983
1960.000000  0.149810
1970.000000  0.150333
1980.000000  0.150892
1990.000000  0.151293
2000.000000  0.151880
2010.000000  0.152661
2020.000000  0.153183
2030.000000  0.153851
2040.000000  0.154537
2050.000000  0.155099
2060.000000  0.155660
2070.000000  0.156198
2080.000000  0.156658
2090.000000  0.157451
2100.000000  0.158253
2110.000000  0.158663
2120.000000  0.159427
2130.000000  0.159773
2140.000000  0.160282
2150.000000  0.160992
2160.000000  0.161959
2170.000000  0.162345
2180.000000  0.163040
2190.000000  0.163896
2200.000000  0.164643
2210.000000  0.165292
2220.000000  0.166199
2230.000000  0.167021
2240.000000  0.167864
2250.000000  0.168437
2260.000000  0.169401
2270.000000  0.169831
2280.000000  0.170336
2290.000000  0.171182
2300.000000  0.172248
2310.000000  0.172988
2320.000000  0.173342
2330.000000  0.173556
2340.000000  0.174284
2350.000000  0.174912
2360.000000  0.175145
2370.000000  0.176261
2380.000000  0.176514
2390.000000  0.177503
2400.000000  0.178142
2410.000000  0.179326
2420.000000  0.180337
2430.000000  0.181150
2440.000000  0.181585
2450.000000  0.182240
2460.000000  0.183017
2470.000000  0.183566
2480.000000  0.184715
2490.000000  0.185470
2500.000000  0.186284
2510.000000  0.186241
2520.000000  0.187023
2530.000000  0.187524
2540.000000  0.188251
2550.000000  0.188822
2560.000000  0.189362
2570.000000  0.189867
2580.000000  0.190676
2590.000000  0.191005
2600.000000  0.191991
2610.000000  0.192238
2620.000000  0.192894
2630.000000  0.193333
2640.000000  0.193587
2650.000000  0.194401
2660.000000  0.194295
2670.000000  0.194528
2680.000000  0.194980
2690.000000  0.195287
2700.000000  0.195506
2710.000000  0.194869
2720.000000  0.194662
2730.000000  0.194367
2740.000000  0.193343
2750.000000  0.192507
2760.000000  0.191918
2770.000000  0.190279
2780.000000  0.189112
2790.000000  0.187968
2800.000000  0.187299
2810.000000  0.186910
2820.000000  0.186235
2830.000000  0.186585
2840.000000  0.186535
2850.000000  0.186920
2860.000000  0.187275
2870.000000  0.187472
2880.000000  0.188050
2890.000000  0.188283
2900.000000  0.188369
2910.000000  0.188986
2920.000000  0.189161
2930.000000  0.189554
2940.000000  0.189574
2950.000000  0.189610
2960.000000  0.190036
2970.000000  0.189820
2980.000000  0.190360
2990.000000  0.190410
3000.000000  0.190616
3010.000000  0.190961
3020.000000  0.191275
3030.000000  0.191354
3040.000000  0.191447
3050.000000  0.191860
3060.000000  0.191986
3070.000000  0.192052
3080.000000  0.192312
3090.000000  0.192363
3100.000000  0.192455
3110.000000  0.192492
3120.000000  0.192704
3130.000000  0.192978
3140.000000  0.193077
3150.000000  0.193412
3160.000000  0.193576
3170.000000  0.193864
3180.000000  0.193955
3190.000000  0.194175
3200.000000  0.194576
3210.000000  0.194573
3220.000000  0.194777
3230.000000  0.195106
3240.000000  0.195238
3250.000000  0.195395
3260.000000  0.195592
3270.000000  0.195920
3280.000000  0.196030
3290.000000  0.196130
3300.000000  0.196245
3310.000000  0.196500
3320.000000  0.196599
3330.000000  0.196819
3340.000000  0.196987
3350.000000  0.197118
3360.000000  0.196940
3370.000000  0.196643
3380.000000  0.196942
3390.000000  0.197713
3400.000000  0.197835
3410.000000  0.197736
3420.000000  0.198056
3430.000000  0.198803
3440.000000  0.199081
3450.000000  0.199410
3460.000000  0.199839
3470.000000  0.200005
3480.000000  0.199984
3490.000000  0.200169
3500.000000  0.200333
3510.000000  0.200791
3520.000000  0.201083
3530.000000  0.201278
3540.000000  0.201570
3550.000000  0.201814
3560.000000  0.201941
3570.000000  0.202286
3580.000000  0.202570
3590.000000  0.202842
3600.000000  0.203076
