5.574899999999999994e-02
5.667200000000000015e-02
5.744500000000000300e-02
5.825299999999999923e-02
5.881399999999999822e-02
5.939200000000000035e-02
5.974600000000000050e-02
6.030400000000000343e-02
6.082200000000000106e-02
6.140999999999999931e-02
6.188799999999999857e-02
6.262099999999999611e-02
6.329400000000000304e-02
6.364400000000000612e-02
6.408999999999999420e-02
6.448500000000000065e-02
6.476600000000000412e-02
6.533600000000000518e-02
6.548600000000000254e-02
6.567099999999999327e-02
6.566500000000000115e-02
6.580300000000000038e-02
6.640699999999999381e-02
6.663600000000000079e-02
6.651200000000000168e-02
6.603900000000000048e-02
6.608999999999999597e-02
6.549800000000000066e-02
6.487099999999999811e-02
6.445199999999999541e-02
6.384299999999999697e-02
6.390099999999999947e-02
6.374199999999999311e-02
6.310899999999999843e-02
6.254099999999999937e-02
6.262500000000000011e-02
6.279400000000000259e-02
6.256799999999999862e-02
6.242700000000000332e-02
6.272899999999999310e-02
6.267399999999999360e-02
6.308099999999999818e-02
6.360699999999999688e-02
6.422500000000000431e-02
6.505700000000000371e-02
6.575100000000000389e-02
6.645500000000000018e-02
6.727099999999999747e-02
6.834199999999999997e-02
6.946299999999999697e-02
7.084699999999999331e-02
7.185400000000000120e-02
7.286299999999999721e-02
7.387699999999999823e-02
7.469499999999999751e-02
7.567899999999999627e-02
7.666499999999999704e-02
7.731499999999999484e-02
7.785400000000000653e-02
7.850000000000000033e-02
7.908099999999999852e-02
7.918400000000000438e-02
8.029200000000000226e-02
8.058500000000000385e-02
8.124299999999999577e-02
8.179300000000000459e-02
8.233899999999999553e-02
8.309400000000000119e-02
8.365499999999999325e-02
8.396099999999999397e-02
8.489800000000000124e-02
8.533100000000000407e-02
8.604699999999999849e-02
8.683699999999999752e-02
8.756999999999999507e-02
8.785199999999999954e-02
8.842300000000000160e-02
8.907700000000000340e-02
9.004099999999999604e-02
9.045000000000000262e-02
9.094800000000000106e-02
9.157700000000000562e-02
9.236199999999999966e-02
9.328799999999999593e-02
9.396699999999999497e-02
9.438599999999999768e-02
9.493000000000000049e-02
9.543000000000000094e-02
9.634700000000000208e-02
9.672000000000000042e-02
9.751600000000000545e-02
9.804999999999999827e-02
9.838900000000000423e-02
9.886899999999999855e-02
9.935099999999999487e-02
9.980799999999999395e-02
1.004049999999999943e-01
1.010489999999999999e-01
1.011829999999999952e-01
1.019369999999999998e-01
1.021709999999999979e-01
1.028079999999999966e-01
1.031579999999999997e-01
1.032160000000000022e-01
1.035480000000000012e-01
1.042909999999999948e-01
1.044957009345794385e-01
1.048706944444444539e-01
1.052478256880734070e-01
1.056433063063063060e-01
1.060796486486486612e-01
1.064183716814159214e-01
1.066851929824561285e-01
1.072036086956521667e-01
1.076774615384615413e-01
1.078068898305084844e-01
1.080057333333333397e-01
1.082378760330578449e-01
1.087499268292682897e-01
1.091390406504064853e-01
1.091923199999999955e-01
1.095552222222222483e-01
1.098462734375000027e-01
1.104525230769230898e-01
1.108010152671755760e-01
1.111631818181818138e-01
1.114383909774436104e-01
1.118307999999999941e-01
1.122403576642335837e-01
1.123243188405797233e-01
1.128719568345323693e-01
1.132377234042553082e-01
1.136107464788732452e-01
1.140182083333333429e-01
1.141937517241379263e-01
1.148354897959183579e-01
1.151004295302013453e-01
1.153038791946308789e-01
1.159292384105960333e-01
1.162286470588235338e-01
1.166883831168831070e-01
1.167409166666666664e-01
1.174891518987341704e-01
1.177955974842767456e-01
1.182157888198757667e-01
1.184359074074074064e-01
1.189600121951219641e-01
1.192112303030303244e-01
1.197121437125748533e-01
1.200624319526627237e-01
1.204018823529411780e-01
1.207985789473684235e-01
1.213387413793103470e-01
1.218665657142857101e-01
1.220881355932203344e-01
1.226756348314606698e-01
1.231039333333333319e-01
1.231444999999999762e-01
1.236676010928961789e-01
1.242862162162162165e-01
1.245705721925133708e-01
1.250527553191489727e-01
1.252243999999999857e-01
1.258173541666666728e-01
1.263932849740932729e-01
1.270161384615384470e-01
1.277506446700507614e-01
1.282295879396984639e-01
1.290029253731343473e-01
1.298497192118226451e-01
1.302164705882352391e-01
1.309779029126213468e-01
1.313478309178743864e-01
1.318215238095238051e-01
1.321594218009478905e-01
1.327936056338027970e-01
1.331146232558139408e-01
1.335243824884792541e-01
1.341556347031963581e-01
1.349713619909502227e-01
1.353254864864864848e-01
1.357986399999999982e-01
1.363172831858407152e-01
1.370903157894736712e-01
1.378775152838428164e-01
1.385688577586207115e-01
1.391754763948497842e-01
1.400799361702127765e-01
1.405820126582278395e-01
1.411169623430962305e-01
1.416100495867768649e-01
1.421136831275720269e-01
1.429430000000000145e-01
1.434350323886639522e-01
1.435892891566264706e-01
1.446171752988048009e-01
1.450065770750987859e-01
1.457389411764705989e-01
1.463924241245136149e-01
1.468325019305019297e-01
1.472894636015325276e-01
1.491690203360685751e-01
1.495557250866122179e-01
1.499424298371558328e-01
1.503291345876994478e-01
1.507158393382430628e-01
1.511025440887866778e-01
1.514892488393303205e-01
1.518759535898739355e-01
1.522626583404175504e-01
1.526493630909611654e-01
1.530360678415048081e-01
1.534227725920484231e-01
1.538094773425920381e-01
1.541961820931356530e-01
1.545828868436792958e-01
1.549695915942229107e-01
1.553562963447665257e-01
1.557430010953101407e-01
1.561297058458537557e-01
1.565164105963973984e-01
1.569031153469410134e-01
1.572898200974846283e-01
1.576765248480282433e-01
1.580632295985718860e-01
1.584499343491155010e-01
1.588366390996591160e-01
1.592233438502027310e-01
1.596100486007463459e-01
1.599967533512899887e-01
1.603834581018336036e-01
1.607701628523772186e-01
1.611568676029208336e-01
1.615435723534644763e-01
1.619302771040080913e-01
1.623169818545517062e-01
1.627036866050953212e-01
1.630903913556389362e-01
1.634770961061825789e-01
1.638638008567261939e-01
1.642505056072698089e-01
1.646372103578134238e-01
1.650239151083570666e-01
1.654106198589006815e-01
1.657973246094442965e-01
1.661840293599879115e-01
1.665707341105315265e-01
1.669574388610751692e-01
1.673441436116187842e-01
1.677308483621623991e-01
1.681175531127060141e-01
1.685042578632496568e-01
1.688909626137932718e-01
1.692776673643368868e-01
1.696643721148805017e-01
1.700510768654241445e-01
1.704377816159677594e-01
1.708244863665113744e-01
1.712111911170549894e-01
1.715978958675986044e-01
1.719846006181422471e-01
1.723713053686858621e-01
1.727580101192294770e-01
1.731447148697730920e-01
1.735314196203167347e-01
1.739181243708603497e-01
1.743048291214039647e-01
1.746915338719475796e-01
1.750782386224912224e-01
1.754649433730348373e-01
1.758516481235784523e-01
1.762383528741220673e-01
1.766250576246657100e-01
1.770117623752093250e-01
1.773984671257529400e-01
1.777851718762965549e-01
1.781718766268401699e-01
1.785585813773838126e-01
1.789452861279274276e-01
1.793319908784710426e-01
1.797186956290146576e-01
1.801054003795583003e-01
1.804921051301019153e-01
1.808788098806455302e-01
1.812655146311891452e-01
1.816522193817327602e-01
1.820389241322764029e-01
1.824256288828200179e-01
1.828123336333636328e-01
1.831990383839072478e-01
1.835857431344508905e-01
1.839724478849945055e-01
1.843591526355381205e-01
1.847458573860817355e-01
1.851325621366253782e-01
1.855192668871689932e-01
1.859059716377126081e-01
1.862926763882562231e-01
1.866793811387998381e-01
1.870660858893434808e-01
1.875285662650602592e-01
