600.000000  0.063388
610.000000  0.064341
620.000000  0.065377
630.000000  0.066356
640.000000  0.066922
650.000000  0.067953
660.000000  0.068714
670.000000  0.069871
680.000000  0.070393
690.000000  0.071566
700.000000  0.072645
710.000000  0.074013
720.000000  0.074748
730.000000  0.075656
740.000000  0.076478
750.000000  0.077164
760.000000  0.078189
770.000000  0.079115
780.000000  0.079798
790.000000  0.080089
800.000000  0.080949
810.000000  0.080902
820.000000  0.080493
830.000000  0.080150
840.000000  0.079494
850.000000  0.078837
860.000000  0.078276
870.000000  0.077430
880.000000  0.076630
890.000000  0.075497
900.000000  0.074919
910.000000  0.074282
920.000000  0.073640
930.000000  0.073362
940.000000  0.073174
950.000000  0.072912
960.000000  0.073063
970.000000  0.073002
980.000000  0.073660
990.000000  0.073373
1000.000000  0.074234
1010.000000  0.074797
1020.000000  0.075688
1030.000000  0.076867
1040.000000  0.077809
1050.000000  0.079121
1060.000000  0.080204
1070.000000  0.081178
1080.000000  0.083142
1090.000000  0.084543
1100.000000  0.086019
1110.000000  0.087636
1120.000000  0.088945
1130.000000  0.090565
1140.000000  0.091621
1150.000000  0.092745
1160.000000  0.094012
1170.000000  0.095409
1180.000000  0.095946
1190.000000  0.097081
1200.000000  0.098479
1210.000000  0.099353
1220.000000  0.100208
1230.000000  0.100980
1240.000000  0.101971
1250.000000  0.102715
1260.000000  0.103638
1270.000000  0.104844
1280.000000  0.105743
1290.000000  0.107196
1300.000000  0.108280
1310.000000  0.109005
1320.000000  0.110307
1330.000000  0.111461
1340.000000  0.112430
1350.000000  0.113999
1360.000000  0.114310
1370.000000  0.115685
1380.000000  0.116378
1390.000000  0.118769
1400.000000  0.118964
1410.000000  0.120881
1420.000000  0.122333
1430.000000  0.123016
1440.000000  0.124188
1450.000000  0.125263
1460.000000  0.126485
1470.000000  0.127568
1480.000000  0.128415
1490.000000  0.129783
1500.000000  0.130528
1510.000000  0.131626
1520.000000  0.132966
1530.000000  0.133542
1540.000000  0.134635
1550.000000  0.135248
1560.000000  0.136092
1570.000000  0.136599
1580.000000  0.137269
1590.000000  0.137891
1600.000000  0.138406
1610.000000  0.138708
1620.000000  0.138958
1630.000000  0.138900
1640.000000  0.139375
1650.000000  0.139694
1660.000000  0.140629
1670.000000  0.140270
1680.000000  0.140761
1690.000000  0.140853
1700.000000  0.141283
1710.000000  0.141230
1720.000000  0.141246
1730.000000  0.141218
1740.000000  0.141214
1750.000000  0.141439
1760.000000  0.140925
1770.000000  0.141341
1780.000000  0.140939
1790.000000  0.141352
1800.000000  0.141258
1810.000000  0.141659
1820.000000  0.141413
1830.000000  0.141727
1840.000000  0.141537
1850.000000  0.141749
1860.000000  0.142412
1870.000000  0.140813
1880.000000  0.142925
1890.000000  0.142014
1900.000000  0.141767
1910.000000  0.142887
1920.000000  0.142396
1930.000000  0.143175
1940.000000  0.143282
1950.000000  0.143301
1960.000000  0.143614
1970.000000  0.143154
1980.000000  0.143926
1990.000000  0.143966
2000.000000  0.144276
2010.000000  0.144955
2020.000000  0.145242
2030.000000  0.145401
2040.000000  0.146271
2050.000000  0.146406
2060.000000  0.146686
2070.000000  0.147583
2080.000000  0.147917
2090.000000  0.148094
2100.000000  0.149138
2110.000000  0.149405
2120.000000  0.150327
2130.000000  0.150843
2140.000000  0.151148
2150.000000  0.152108
2160.000000  0.152890
2170.000000  0.154042
2180.000000  0.155507
2190.000000  0.155315
2200.000000  0.156325
2210.000000  0.157550
2220.000000  0.158680
2230.000000  0.159733
2240.000000  0.160333
2250.000000  0.161436
2260.000000  0.162586
2270.000000  0.163736
2280.000000  0.164561
2290.000000  0.165794
2300.000000  0.166965
2310.000000  0.167844
2320.000000  0.168306
2330.000000  0.169350
2340.000000  0.170498
2350.000000  0.171177
2360.000000  0.172990
2370.000000  0.173822
2380.000000  0.175571
2390.000000  0.176432
2400.000000  0.177861
2410.000000  0.178454
2420.000000  0.180077
2430.000000  0.182080
2440.000000  0.183451
2450.000000  0.184767
2460.000000  0.185606
2470.000000  0.186981
2480.000000  0.188491
2490.000000  0.189679
2500.000000  0.190781
2510.000000  0.191535
2520.000000  0.192422
2530.000000  0.193159
2540.000000  0.194227
2550.000000  0.195056
2560.000000  0.195859
2570.000000  0.196798
2580.000000  0.197541
2590.000000  0.198363
2600.000000  0.199222
2610.000000  0.200131
2620.000000  0.200766
2630.000000  0.201794
2640.000000  0.202099
2650.000000  0.202767
2660.000000  0.203386
2670.000000  0.203996
2680.000000  0.204596
2690.000000  0.205187
2700.000000  0.205768
2710.000000  0.206339
2720.000000  0.206900
2730.000000  0.207453
2740.000000  0.207995
2750.000000  0.208528
2760.000000  0.209051
2770.000000  0.209565
2780.000000  0.210068
2790.000000  0.210563
2800.000000  0.211048
2810.000000  0.211523
2820.000000  0.211988
2830.000000  0.212444
2840.000000  0.212890
2850.000000  0.213327
2860.000000  0.213754
2870.000000  0.214171
2880.000000  0.214579
2890.000000  0.214978
2900.000000  0.215366
2910.000000  0.215745
2920.000000  0.216114
2930.000000  0.216474
2940.000000  0.216824
2950.000000  0.217165
2960.000000  0.217496
2970.000000  0.217817
2980.000000  0.218129
2990.000000  0.218431
3000.000000  0.218723
3010.000000  0.219006
3020.000000  0.219279
3030.000000  0.219543
3040.000000  0.219797
3050.000000  0.220041
3060.000000  0.220276
3070.000000  0.220501
3080.000000  0.220717
3090.000000  0.220923
3100.000000  0.221119
3110.000000  0.221306
3120.000000  0.221483
3130.000000  0.221650
3140.000000  0.221808
3150.000000  0.221956
3160.000000  0.222095
3170.000000  0.222224
3180.000000  0.222343
3190.000000  0.222453
3200.000000  0.222553
3210.000000  0.222644
3220.000000  0.222725
3230.000000  0.222796
3240.000000  0.222858
3250.000000  0.222910
3260.000000  0.222953
3270.000000  0.222985
3280.000000  0.223009
3290.000000  0.223022
3300.000000  0.223026
3310.000000  0.223021
3320.000000  0.223006
3330.000000  0.222981
3340.000000  0.222946
3350.000000  0.222902
3360.000000  0.222849
3370.000000  0.222785
3380.000000  0.222713
3390.000000  0.222630
3400.000000  0.222538
3410.000000  0.222436
3420.000000  0.222325
3430.000000  0.222204
3440.000000  0.222073
3450.000000  0.221933
3460.000000  0.221783
3470.000000  0.221624
3480.000000  0.221455
3490.000000  0.221276
3500.000000  0.221088
3510.000000  0.220890
3520.000000  0.220683
3530.000000  0.220466
3540.000000  0.220239
3550.000000  0.220003
3560.000000  0.219757
3570.000000  0.219501
3580.000000  0.219236
3590.000000  0.218961
3600.000000  0.218947
