6.338799999999999990e-02
6.434099999999999542e-02
6.537700000000000455e-02
6.635599999999999832e-02
6.692199999999999538e-02
6.795299999999999951e-02
6.871399999999999730e-02
6.987100000000000255e-02
7.039299999999999724e-02
7.156600000000000461e-02
7.264500000000000124e-02
7.401299999999999546e-02
7.474799999999999500e-02
7.565600000000000103e-02
7.647800000000000431e-02
7.716399999999999648e-02
7.818899999999999462e-02
7.911500000000000477e-02
7.979799999999999394e-02
8.008899999999999353e-02
8.094899999999999318e-02
8.090200000000000169e-02
8.049299999999999511e-02
8.014999999999999902e-02
7.949399999999999522e-02
7.883700000000000430e-02
7.827599999999999836e-02
7.742999999999999883e-02
7.663000000000000367e-02
7.549699999999999467e-02
7.491899999999999948e-02
7.428200000000000081e-02
7.363999999999999713e-02
7.336199999999999666e-02
7.317400000000000293e-02
7.291200000000000458e-02
7.306300000000000294e-02
7.300199999999999745e-02
7.366000000000000325e-02
7.337299999999999378e-02
7.423399999999999443e-02
7.479700000000000237e-02
7.568800000000000527e-02
7.686700000000000477e-02
7.780900000000000316e-02
7.912099999999999689e-02
8.020399999999999752e-02
8.117800000000000016e-02
8.314199999999999369e-02
8.454299999999999315e-02
8.601899999999999824e-02
8.763600000000000556e-02
8.894499999999999629e-02
9.056500000000000661e-02
9.162099999999999411e-02
9.274499999999999411e-02
9.401199999999999835e-02
9.540899999999999381e-02
9.594600000000000350e-02
9.708100000000000063e-02
9.847899999999999709e-02
9.935299999999999687e-02
1.002080000000000054e-01
1.009800000000000003e-01
1.019710000000000061e-01
1.027150000000000007e-01
1.036379999999999940e-01
1.048440000000000066e-01
1.057430000000000037e-01
1.071959999999999996e-01
1.082800000000000012e-01
1.090050000000000047e-01
1.103070000000000023e-01
1.114610000000000045e-01
1.124300000000000022e-01
1.139990000000000031e-01
1.143099999999999949e-01
1.156849999999999962e-01
1.163779999999999953e-01
1.187689999999999996e-01
1.189640000000000003e-01
1.208810000000000023e-01
1.223329999999999973e-01
1.230160000000000003e-01
1.241880000000000067e-01
1.252630000000000132e-01
1.264849999999999863e-01
1.275679999999999870e-01
1.284150000000000014e-01
1.297830000000000095e-01
1.305280000000000051e-01
1.316259999999999930e-01
1.329660000000000009e-01
1.335419999999999940e-01
1.346350000000000047e-01
1.352480000000000071e-01
1.360919999999999908e-01
1.365989999999999982e-01
1.372690000000000021e-01
1.378910000000000136e-01
1.384060000000000012e-01
1.387079999999999980e-01
1.389579999999999982e-01
1.388999999999999957e-01
1.393749999999999989e-01
1.396940000000000126e-01
1.406290000000000040e-01
1.402700000000000058e-01
1.407609999999999972e-01
1.408530000000000060e-01
1.412829999999999919e-01
1.412299999999999944e-01
1.412460000000000104e-01
1.412180000000000102e-01
1.412140000000000062e-01
1.414390000000000092e-01
1.409249999999999947e-01
1.413409999999999944e-01
1.409390000000000087e-01
1.413520000000000054e-01
1.412579999999999947e-01
1.416590000000000071e-01
1.414130000000000109e-01
1.417269999999999919e-01
1.415369999999999961e-01
1.417490000000000139e-01
1.424120000000000108e-01
1.408129999999999937e-01
1.429249999999999965e-01
1.420140000000000013e-01
1.417670000000000041e-01
1.428869999999999862e-01
1.423959999999999948e-01
1.431749999999999967e-01
1.432819999999999927e-01
1.433010000000000117e-01
1.436139999999999917e-01
1.431540000000000035e-01
1.439259999999999984e-01
1.439660000000000106e-01
1.442759999999999876e-01
1.449550000000000005e-01
1.452420000000000100e-01
1.454010000000000302e-01
1.462710000000000121e-01
1.464060000000000084e-01
1.466860000000000108e-01
1.475829999999999920e-01
1.479169999999999929e-01
1.480940000000000034e-01
1.491379999999999928e-01
1.494050000000000100e-01
1.503269999999999884e-01
1.508430000000000049e-01
1.511480000000000046e-01
1.521079999999999932e-01
1.528899999999999981e-01
1.540420000000000122e-01
1.555070000000000063e-01
1.553150000000000086e-01
1.563249999999999917e-01
1.575499999999999956e-01
1.586799999999999877e-01
1.597330000000000139e-01
1.603330000000000033e-01
1.614359999999999962e-01
1.625860000000000083e-01
1.637359999999999927e-01
1.645610000000000128e-01
1.657939999999999969e-01
1.669650000000000023e-01
1.678439999999999932e-01
1.683060000000000112e-01
1.693500000000000005e-01
1.704980000000000107e-01
1.711769999999999958e-01
1.729900000000000049e-01
1.738220000000000043e-01
1.755710000000000048e-01
1.764320000000000055e-01
1.778609999999999913e-01
1.784540000000000015e-01
1.800769999999999871e-01
1.820799999999999919e-01
1.834510000000000030e-01
1.847669999999999868e-01
1.856059999999999932e-01
1.869810000000000083e-01
1.884909999999999919e-01
1.896789999999999865e-01
1.907810000000000061e-01
1.915350327868852454e-01
1.924218524590164126e-01
1.931594878048780717e-01
1.942270000000000107e-01
1.950559841269841610e-01
1.958593622047243854e-01
1.967977244094488432e-01
1.975408527131782832e-01
1.983627519379844995e-01
1.992217999999999489e-01
2.026548367224105252e-01
2.028010524967344963e-01
2.029472682710584952e-01
2.030934840453824664e-01
2.032396998197064653e-01
2.033859155940304642e-01
2.035321313683544631e-01
2.036783471426784342e-01
2.038245629170024331e-01
2.039707786913264043e-01
2.041169944656504032e-01
2.042632102399744021e-01
2.044094260142984010e-01
2.045556417886223721e-01
2.047018575629463710e-01
2.048480733372703422e-01
2.049942891115943411e-01
2.051405048859183400e-01
2.052867206602423389e-01
2.054329364345663100e-01
2.055791522088903089e-01
2.057253679832142801e-01
2.058715837575382790e-01
2.060177995318622779e-01
2.061640153061862768e-01
2.063102310805102479e-01
2.064564468548342469e-01
2.066026626291582180e-01
2.067488784034822169e-01
2.068950941778062158e-01
2.070413099521302147e-01
2.071875257264541859e-01
2.073337415007781848e-01
2.074799572751021559e-01
2.076261730494261548e-01
2.077723888237501537e-01
2.079186045980741526e-01
2.080648203723981238e-01
2.082110361467221227e-01
2.083572519210460938e-01
2.085034676953700927e-01
2.086496834696940916e-01
2.087958992440180628e-01
2.089421150183420617e-01
2.090883307926660606e-01
2.092345465669900317e-01
2.093807623413140306e-01
2.095269781156380295e-01
2.096731938899620007e-01
2.098194096642859996e-01
2.099656254386099985e-01
2.101118412129339696e-01
2.102580569872579686e-01
2.104042727615819675e-01
2.105504885359059386e-01
2.106967043102299375e-01
2.108429200845539087e-01
2.109891358588779076e-01
2.111353516332019065e-01
2.112815674075259054e-01
2.114277831818498765e-01
2.115739989561738754e-01
2.117202147304978466e-01
2.118664305048218455e-01
2.120126462791458444e-01
2.121588620534698433e-01
2.123050778277938144e-01
2.124512936021178133e-01
2.125975093764417845e-01
2.127437251507657834e-01
2.128899409250897823e-01
2.130361566994137812e-01
2.131823724737377523e-01
2.133285882480617512e-01
2.134748040223857224e-01
2.136210197967097213e-01
2.137672355710337202e-01
2.139134513453577191e-01
2.140596671196816903e-01
2.142058828940056892e-01
2.143520986683296603e-01
2.144983144426536592e-01
2.146445302169776581e-01
2.147907459913016570e-01
2.149369617656256282e-01
2.150831775399496271e-01
2.152293933142735982e-01
2.153756090885975971e-01
2.155218248629215960e-01
2.156680406372455949e-01
2.158142564115695661e-01
2.159604721858935650e-01
2.161066879602175361e-01
2.162529037345415350e-01
2.163991195088655339e-01
2.165453352831895328e-01
2.166915510575135040e-01
2.168377668318375029e-01
2.169839826061614740e-01
2.189472650602409809e-01
