1.105990000000000029e-01
1.119809999999999972e-01
1.132900000000000018e-01
1.147969999999999963e-01
1.161559999999999954e-01
1.178600000000000064e-01
1.195039999999999991e-01
1.212359999999999965e-01
1.228869999999999962e-01
1.250050000000000050e-01
1.270189999999999930e-01
1.285330000000000084e-01
1.301920000000000022e-01
1.321900000000000019e-01
1.341320000000000012e-01
1.363739999999999952e-01
1.390220000000000067e-01
1.402210000000000123e-01
1.417490000000000139e-01
1.433309999999999862e-01
1.444310000000000038e-01
1.454820000000000002e-01
1.466260000000000063e-01
1.472829999999999973e-01
1.476659999999999917e-01
1.476230000000000042e-01
1.479080000000000117e-01
1.480460000000000109e-01
1.477999999999999869e-01
1.474679999999999880e-01
1.464580000000000048e-01
1.460069999999999979e-01
1.455339999999999967e-01
1.448379999999999945e-01
1.442680000000000073e-01
1.444960000000000133e-01
1.444010000000000016e-01
1.450819999999999887e-01
1.450259999999999883e-01
1.455839999999999912e-01
1.466540000000000066e-01
1.472640000000000060e-01
1.488609999999999933e-01
1.500839999999999952e-01
1.517600000000000060e-01
1.535539999999999961e-01
1.549780000000000046e-01
1.568219999999999892e-01
1.585119999999999862e-01
1.602240000000000053e-01
1.615900000000000114e-01
1.631440000000000112e-01
1.642270000000000119e-01
1.658630000000000104e-01
1.665850000000000108e-01
1.677599999999999925e-01
1.685860000000000136e-01
1.696060000000000068e-01
1.704730000000000134e-01
1.713939999999999908e-01
1.717629999999999990e-01
1.724400000000000099e-01
1.726890000000000092e-01
1.731900000000000106e-01
1.735170000000000046e-01
1.743909999999999905e-01
1.745410000000000017e-01
1.750440000000000051e-01
1.761379999999999890e-01
1.763740000000000030e-01
1.773959999999999981e-01
1.779409999999999881e-01
1.787839999999999985e-01
1.794479999999999964e-01
1.806069999999999898e-01
1.810400000000000065e-01
1.814149999999999929e-01
1.822709999999999886e-01
1.832270000000000010e-01
1.844290000000000096e-01
1.853769999999999862e-01
1.863640000000000019e-01
1.874919999999999920e-01
1.880070000000000074e-01
1.890290000000000026e-01
1.898370000000000057e-01
1.908380000000000076e-01
1.913920000000000066e-01
1.919839999999999880e-01
1.929599999999999926e-01
1.933040000000000036e-01
1.935820000000000041e-01
1.945729999999999960e-01
1.954480000000000106e-01
1.957379999999999953e-01
1.968149999999999900e-01
1.969789999999999874e-01
1.974450000000000094e-01
1.981789999999999941e-01
1.981920000000000071e-01
1.982510000000000105e-01
1.986030000000000018e-01
1.991660000000000097e-01
1.993070000000000119e-01
1.992859999999999909e-01
1.995530000000000082e-01
1.991809999999999969e-01
1.998699999999999921e-01
1.998250000000000026e-01
1.994609999999999994e-01
2.008489999999999998e-01
2.006400000000000128e-01
2.007019999999999915e-01
2.003250000000000031e-01
2.000909999999999911e-01
1.997939999999999994e-01
1.995389999999999942e-01
1.996970000000000134e-01
1.996600000000000041e-01
1.998590000000000089e-01
1.995230000000000059e-01
1.991729999999999889e-01
1.987730000000000052e-01
1.985639999999999905e-01
1.981690000000000118e-01
1.981870000000000021e-01
1.983850000000000058e-01
1.972649999999999959e-01
1.982210000000000083e-01
1.977690000000000003e-01
1.971739999999999882e-01
1.974640000000000006e-01
1.973669999999999869e-01
1.971269999999999967e-01
1.973830000000000029e-01
1.973419999999999896e-01
1.976849999999999996e-01
1.978459999999999941e-01
1.971519999999999939e-01
1.975750000000000006e-01
1.976179999999999881e-01
1.982319999999999915e-01
1.980870000000000131e-01
1.984889999999999710e-01
1.982939999999999980e-01
1.984470000000000123e-01
1.985889999999999878e-01
1.987970000000000015e-01
1.987170000000000047e-01
1.993739999999999957e-01
1.993900000000000117e-01
1.993290000000000062e-01
1.995860000000000134e-01
1.998880000000000101e-01
1.996650000000000091e-01
1.999219999999999886e-01
2.000959999999999961e-01
2.002450000000000063e-01
2.007629999999999970e-01
2.013560000000000072e-01
2.020109999999999961e-01
2.024160000000000126e-01
2.027180000000000093e-01
2.033409999999999940e-01
2.040579999999999894e-01
2.046360000000000123e-01
2.055240000000000122e-01
2.059600000000000042e-01
2.067769999999999886e-01
2.071320000000000106e-01
2.081479999999999997e-01
2.085919999999999996e-01
2.093540000000000123e-01
2.099360000000000115e-01
2.096230000000000038e-01
2.105799999999999894e-01
2.110879999999999979e-01
2.114759999999999973e-01
2.123859999999999915e-01
2.131520000000000081e-01
2.136540000000000106e-01
2.146000000000000130e-01
2.155130000000000101e-01
2.167830000000000035e-01
2.174349999999999894e-01
2.181549999999999878e-01
2.192350000000000132e-01
2.200979999999999881e-01
2.214359999999999939e-01
2.219569999999999876e-01
2.231249999999999900e-01
2.240021967213114973e-01
2.251294590163934184e-01
2.256665609756097757e-01
2.266380000000000061e-01
2.275980714285713857e-01
2.286402440944881598e-01
2.295325748031495916e-01
2.304336589147286674e-01
2.312990542635658953e-01
2.320917999999999315e-01
2.356849324845075588e-01
2.360088592630330551e-01
2.363327860415585513e-01
2.366567128200840475e-01
2.369806395986095438e-01
2.373045663771350400e-01
2.376284931556605362e-01
2.379524199341860324e-01
2.382763467127115287e-01
2.386002734912370249e-01
2.389242002697625211e-01
2.392481270482880173e-01
2.395720538268135136e-01
2.398959806053390098e-01
2.402199073838645060e-01
2.405438341623900023e-01
2.408677609409154985e-01
2.411916877194409947e-01
2.415156144979664909e-01
2.418395412764919872e-01
2.421634680550174834e-01
2.424873948335429796e-01
2.428113216120684759e-01
2.431352483905939721e-01
2.434591751691194683e-01
2.437831019476449645e-01
2.441070287261704885e-01
2.444309555046959848e-01
2.447548822832214810e-01
2.450788090617469772e-01
2.454027358402724734e-01
2.457266626187979697e-01
2.460505893973234659e-01
2.463745161758489621e-01
2.466984429543744584e-01
2.470223697328999546e-01
2.473462965114254508e-01
2.476702232899509470e-01
2.479941500684764710e-01
2.483180768470019673e-01
2.486420036255274635e-01
2.489659304040529597e-01
2.492898571825784559e-01
2.496137839611039522e-01
2.499377107396294484e-01
2.502616375181549446e-01
2.505855642966804409e-01
2.509094910752059371e-01
2.512334178537314333e-01
2.515573446322569295e-01
2.518812714107824258e-01
2.522051981893079220e-01
2.525291249678334182e-01
2.528530517463589145e-01
2.531769785248844107e-01
2.535009053034099069e-01
2.538248320819354031e-01
2.541487588604608994e-01
2.544726856389863956e-01
2.547966124175118918e-01
2.551205391960373881e-01
2.554444659745628843e-01
2.557683927530883805e-01
2.560923195316138767e-01
2.564162463101393730e-01
2.567401730886648692e-01
2.570640998671903654e-01
2.573880266457158617e-01
2.577119534242413579e-01
2.580358802027668541e-01
2.583598069812923503e-01
2.586837337598178466e-01
2.590076605383433428e-01
2.593315873168688390e-01
2.596555140953943352e-01
2.599794408739198870e-01
2.603033676524453277e-01
2.606272944309708794e-01
2.609512212094963202e-01
2.612751479880218719e-01
2.615990747665473126e-01
2.619230015450728644e-01
2.622469283235983051e-01
2.625708551021238568e-01
2.628947818806492975e-01
2.632187086591748493e-01
2.635426354377002900e-01
2.638665622162258417e-01
2.641904889947513380e-01
2.645144157732768342e-01
2.648383425518023304e-01
2.651622693303278266e-01
2.654861961088533229e-01
2.658101228873788191e-01
2.661340496659043153e-01
2.664579764444298116e-01
2.667819032229553078e-01
2.671058300014808040e-01
2.674297567800063002e-01
2.678009759036144577e-01
