600.000000  0.110599
610.000000  0.111981
620.000000  0.113290
630.000000  0.114797
640.000000  0.116156
650.000000  0.117860
660.000000  0.119504
670.000000  0.121236
680.000000  0.122887
690.000000  0.125005
700.000000  0.127019
710.000000  0.128533
720.000000  0.130192
730.000000  0.132190
740.000000  0.134132
750.000000  0.136374
760.000000  0.139022
770.000000  0.140221
780.000000  0.141749
790.000000  0.143331
800.000000  0.144431
810.000000  0.145482
820.000000  0.146626
830.000000  0.147283
840.000000  0.147666
850.000000  0.147623
860.000000  0.147908
870.000000  0.148046
880.000000  0.147800
890.000000  0.147468
900.000000  0.146458
910.000000  0.146007
920.000000  0.145534
930.000000  0.144838
940.000000  0.144268
950.000000  0.144496
960.000000  0.144401
970.000000  0.145082
980.000000  0.145026
990.000000  0.145584
1000.000000  0.146654
1010.000000  0.147264
1020.000000  0.148861
1030.000000  0.150084
1040.000000  0.151760
1050.000000  0.153554
1060.000000  0.154978
1070.000000  0.156822
1080.000000  0.158512
1090.000000  0.160224
1100.000000  0.161590
1110.000000  0.163144
1120.000000  0.164227
1130.000000  0.165863
1140.000000  0.166585
1150.000000  0.167760
1160.000000  0.168586
1170.000000  0.169606
1180.000000  0.170473
1190.000000  0.171394
1200.000000  0.171763
1210.000000  0.172440
1220.000000  0.172689
1230.000000  0.173190
1240.000000  0.173517
1250.000000  0.174391
1260.000000  0.174541
1270.000000  0.175044
1280.000000  0.176138
1290.000000  0.176374
1300.000000  0.177396
1310.000000  0.177941
1320.000000  0.178784
1330.000000  0.179448
1340.000000  0.180607
1350.000000  0.181040
1360.000000  0.181415
1370.000000  0.182271
1380.000000  0.183227
1390.000000  0.184429
1400.000000  0.185377
1410.000000  0.186364
1420.000000  0.187492
1430.000000  0.188007
1440.000000  0.189029
1450.000000  0.189837
1460.000000  0.190838
1470.000000  0.191392
1480.000000  0.191984
1490.000000  0.192960
1500.000000  0.193304
1510.000000  0.193582
1520.000000  0.194573
1530.000000  0.195448
1540.000000  0.195738
1550.000000  0.196815
1560.000000  0.196979
1570.000000  0.197445
1580.000000  0.198179
1590.000000  0.198192
1600.000000  0.198251
1610.000000  0.198603
1620.000000  0.199166
1630.000000  0.199307
1640.000000  0.199286
1650.000000  0.199553
1660.000000  0.199181
1670.000000  0.199870
1680.000000  0.199825
1690.000000  0.199461
1700.000000  0.200849
1710.000000  0.200640
1720.000000  0.200702
1730.000000  0.200325
1740.000000  0.200091
1750.000000  0.199794
1760.000000  0.199539
1770.000000  0.199697
1780.000000  0.199660
1790.000000  0.199859
1800.000000  0.199523
1810.000000  0.199173
1820.000000  0.198773
1830.000000  0.198564
1840.000000  0.198169
1850.000000  0.198187
1860.000000  0.198385
1870.000000  0.197265
1880.000000  0.198221
1890.000000  0.197769
1900.000000  0.197174
1910.000000  0.197464
1920.000000  0.197367
1930.000000  0.197127
1940.000000  0.197383
1950.000000  0.197342
1960.000000  0.197685
1970.000000  0.197846
1980.000000  0.197152
1990.000000  0.197575
2000.000000  0.197618
2010.000000  0.198232
2020.000000  0.198087
2030.000000  0.198489
2040.000000  0.198294
2050.000000  0.198447
2060.000000  0.198589
2070.000000  0.198797
2080.000000  0.198717
2090.000000  0.199374
2100.000000  0.199390
2110.000000  0.199329
2120.000000  0.199586
2130.000000  0.199888
2140.000000  0.199665
2150.000000  0.199922
2160.000000  0.200096
2170.000000  0.200245
2180.000000  0.200763
2190.000000  0.201356
2200.000000  0.202011
2210.000000  0.202416
2220.000000  0.202718
2230.000000  0.203341
2240.000000  0.204058
2250.000000  0.204636
2260.000000  0.205524
2270.000000  0.205960
2280.000000  0.206777
2290.000000  0.207132
2300.000000  0.208148
2310.000000  0.208592
2320.000000  0.209354
2330.000000  0.209936
2340.000000  0.209623
2350.000000  0.210580
2360.000000  0.211088
2370.000000  0.211476
2380.000000  0.212386
2390.000000  0.213152
2400.000000  0.213654
2410.000000  0.214600
2420.000000  0.215513
2430.000000  0.216783
2440.000000  0.217435
2450.000000  0.218155
2460.000000  0.219235
2470.000000  0.220098
2480.000000  0.221436
2490.000000  0.221957
2500.000000  0.223125
2510.000000  0.224002
2520.000000  0.225129
2530.000000  0.225667
2540.000000  0.226638
2550.000000  0.227598
2560.000000  0.228640
2570.000000  0.229533
2580.000000  0.230434
2590.000000  0.231299
2600.000000  0.232092
2610.000000  0.232896
2620.000000  0.234082
2630.000000  0.234990
2640.000000  0.235802
2650.000000  0.236439
2660.000000  0.237314
2670.000000  0.238033
2680.000000  0.238743
2690.000000  0.239445
2700.000000  0.240138
2710.000000  0.240823
2720.000000  0.241499
2730.000000  0.242167
2740.000000  0.242826
2750.000000  0.243477
2760.000000  0.244119
2770.000000  0.244752
2780.000000  0.245378
2790.000000  0.245994
2800.000000  0.246602
2810.000000  0.247202
2820.000000  0.247793
2830.000000  0.248375
2840.000000  0.248949
2850.000000  0.249514
2860.000000  0.250071
2870.000000  0.250619
2880.000000  0.251159
2890.000000  0.251690
2900.000000  0.252213
2910.000000  0.252727
2920.000000  0.253233
2930.000000  0.253730
2940.000000  0.254219
2950.000000  0.254699
2960.000000  0.255170
2970.000000  0.255633
2980.000000  0.256088
2990.000000  0.256534
3000.000000  0.256971
3010.000000  0.257400
3020.000000  0.257820
3030.000000  0.258232
3040.000000  0.258635
3050.000000  0.259030
3060.000000  0.259416
3070.000000  0.259794
3080.000000  0.260163
3090.000000  0.260524
3100.000000  0.260876
3110.000000  0.261220
3120.000000  0.261555
3130.000000  0.261881
3140.000000  0.262199
3150.000000  0.262509
3160.000000  0.262810
3170.000000  0.263102
3180.000000  0.263386
3190.000000  0.263661
3200.000000  0.263928
3210.000000  0.264186
3220.000000  0.264436
3230.000000  0.264677
3240.000000  0.264910
3250.000000  0.265134
3260.000000  0.265350
3270.000000  0.265557
3280.000000  0.265756
3290.000000  0.265946
3300.000000  0.266127
3310.000000  0.266300
3320.000000  0.266465
3330.000000  0.266621
3340.000000  0.266768
3350.000000  0.266907
3360.000000  0.267037
3370.000000  0.267159
3380.000000  0.267272
3390.000000  0.267377
3400.000000  0.267473
3410.000000  0.267561
3420.000000  0.267640
3430.000000  0.267711
3440.000000  0.267773
3450.000000  0.267826
3460.000000  0.267871
3470.000000  0.267908
3480.000000  0.267936
3490.000000  0.267955
3500.000000  0.267966
3510.000000  0.267969
3520.000000  0.267963
3530.000000  0.267948
3540.000000  0.267925
3550.000000  0.267893
3560.000000  0.267853
3570.000000  0.267804
3580.000000  0.267747
3590.000000  0.267681
3600.000000  0.267801
