1.346130000000000104e-01
1.363630000000000120e-01
1.386940000000000117e-01
1.408320000000000127e-01
1.427889999999999993e-01
1.453500000000000070e-01
1.481290000000000107e-01
1.506979999999999986e-01
1.534089999999999898e-01
1.562260000000000038e-01
1.593400000000000094e-01
1.614339999999999942e-01
1.640659999999999896e-01
1.670179999999999998e-01
1.702039999999999942e-01
1.732420000000000071e-01
1.773530000000000106e-01
1.802140000000000131e-01
1.829459999999999975e-01
1.857709999999999917e-01
1.871440000000000048e-01
1.893940000000000068e-01
1.910900000000000098e-01
1.924669999999999992e-01
1.938010000000000010e-01
1.948529999999999984e-01
1.960679999999999923e-01
1.967150000000000010e-01
1.974029999999999951e-01
1.970369999999999899e-01
1.966880000000000017e-01
1.968719999999999914e-01
1.964400000000000035e-01
1.966219999999999912e-01
1.965850000000000097e-01
1.973469999999999946e-01
1.971799999999999942e-01
1.973290000000000044e-01
1.983280000000000043e-01
1.990240000000000065e-01
2.001499999999999946e-01
2.014120000000000077e-01
2.031590000000000062e-01
2.054900000000000060e-01
2.075760000000000105e-01
2.101560000000000095e-01
2.118589999999999918e-01
2.146160000000000012e-01
2.169709999999999972e-01
2.192030000000000090e-01
2.221609999999999974e-01
2.247250000000000081e-01
2.265069999999999861e-01
2.287150000000000016e-01
2.305619999999999892e-01
2.313699999999999923e-01
2.327510000000000134e-01
2.337970000000000048e-01
2.347940000000000027e-01
2.357170000000000099e-01
2.360810000000000131e-01
2.361370000000000136e-01
2.379539999999999988e-01
2.384709999999999885e-01
2.393589999999999884e-01
2.400009999999999921e-01
2.412400000000000100e-01
2.415460000000000107e-01
2.427709999999999868e-01
2.438639999999999974e-01
2.450569999999999971e-01
2.459340000000000137e-01
2.472509999999999986e-01
2.480980000000000130e-01
2.497689999999999910e-01
2.502559999999999785e-01
2.511550000000000171e-01
2.523340000000000027e-01
2.534919999999999951e-01
2.560109999999999886e-01
2.571330000000000005e-01
2.572380000000000222e-01
2.583159999999999901e-01
2.601220000000000199e-01
2.614469999999999850e-01
2.625419999999999976e-01
2.637820000000000165e-01
2.647329999999999961e-01
2.656100000000000128e-01
2.663659999999999917e-01
2.680640000000000245e-01
2.684139999999999859e-01
2.696509999999999740e-01
2.699550000000000005e-01
2.710690000000000044e-01
2.717919999999999781e-01
2.730020000000000224e-01
2.739639999999999853e-01
2.746589999999999865e-01
2.745890000000000275e-01
2.757850000000000024e-01
2.766569999999999863e-01
2.763579999999999925e-01
2.770690000000000097e-01
2.777749999999999941e-01
2.782660000000000133e-01
2.801150000000000029e-01
2.805710000000000148e-01
2.810759999999999925e-01
2.809360000000000190e-01
2.825269999999999726e-01
2.826960000000000028e-01
2.830099999999999838e-01
2.829380000000000228e-01
2.833600000000000008e-01
2.836980000000000057e-01
2.838499999999999912e-01
2.841759999999999842e-01
2.843200000000000172e-01
2.849909999999999943e-01
2.850539999999999741e-01
2.856079999999999730e-01
2.861179999999999835e-01
2.864160000000000039e-01
2.869510000000000116e-01
2.859630000000000227e-01
2.864030000000000187e-01
2.884680000000000022e-01
2.849970000000000003e-01
2.869189999999999796e-01
2.873689999999999856e-01
2.865210000000000257e-01
2.867669999999999941e-01
2.868859999999999744e-01
2.868140000000000134e-01
2.870759999999999978e-01
2.874689999999999745e-01
2.875670000000000170e-01
2.877259999999999818e-01
2.878129999999999855e-01
2.882069999999999910e-01
2.879200000000000093e-01
2.882500000000000062e-01
2.882000000000000117e-01
2.888660000000000116e-01
2.890739999999999976e-01
2.890880000000000116e-01
2.883260000000000267e-01
2.890429999999999944e-01
2.894740000000000091e-01
2.900340000000000140e-01
2.895710000000000228e-01
2.894920000000000271e-01
2.900070000000000148e-01
2.906159999999999854e-01
2.914829999999999921e-01
2.924039999999999973e-01
2.923330000000000095e-01
2.927449999999999775e-01
2.935530000000000084e-01
2.937500000000000111e-01
2.951730000000000187e-01
2.954209999999999892e-01
2.960409999999999986e-01
2.962910000000000266e-01
2.961469999999999936e-01
2.976409999999999889e-01
2.988759999999999750e-01
2.998009999999999842e-01
3.001210000000000266e-01
3.020720000000000072e-01
3.016699999999999937e-01
3.023790000000000089e-01
3.025849999999999929e-01
3.030510000000000148e-01
3.040519999999999889e-01
3.050470000000000126e-01
3.056860000000000133e-01
3.066030000000000144e-01
3.081030000000000157e-01
3.086559999999999859e-01
3.103830000000000200e-01
3.116309999999999913e-01
3.122739999999999960e-01
3.129839999999999844e-01
3.145419999999999883e-01
3.156180000000000097e-01
3.166530000000000178e-01
3.179080000000000239e-01
3.195339999999999847e-01
3.199040000000000217e-01
3.206421967213115010e-01
3.221183770491803933e-01
3.229373983739837750e-01
3.241459999999999897e-01
3.254072619047618797e-01
3.265722992125983937e-01
3.273523779527559574e-01
3.279806124031007797e-01
3.294456046511627934e-01
3.308342999999999701e-01
3.341530813345958140e-01
3.345668746532711735e-01
3.349806679719465330e-01
3.353944612906218925e-01
3.358082546092972520e-01
3.362220479279726115e-01
3.366358412466479710e-01
3.370496345653233305e-01
3.374634278839986901e-01
3.378772212026740496e-01
3.382910145213493536e-01
3.387048078400247686e-01
3.391186011587000726e-01
3.395323944773754321e-01
3.399461877960507916e-01
3.403599811147261511e-01
3.407737744334015106e-01
3.411875677520768702e-01
3.416013610707522297e-01
3.420151543894275892e-01
3.424289477081029487e-01
3.428427410267783082e-01
3.432565343454536677e-01
3.436703276641290272e-01
3.440841209828043867e-01
3.444979143014797462e-01
3.449117076201551058e-01
3.453255009388304098e-01
3.457392942575058248e-01
3.461530875761811288e-01
3.465668808948565438e-01
3.469806742135318478e-01
3.473944675322072073e-01
3.478082608508825668e-01
3.482220541695579263e-01
3.486358474882332859e-01
3.490496408069086454e-01
3.494634341255840049e-01
3.498772274442593644e-01
3.502910207629347239e-01
3.507048140816100834e-01
3.511186074002854429e-01
3.515324007189607469e-01
3.519461940376361619e-01
3.523599873563114659e-01
3.527737806749868810e-01
3.531875739936621850e-01
3.536013673123376000e-01
3.540151606310129040e-01
3.544289539496883190e-01
3.548427472683636230e-01
3.552565405870389825e-01
3.556703339057143420e-01
3.560841272243897015e-01
3.564979205430650611e-01
3.569117138617404206e-01
3.573255071804157801e-01
3.577393004990911396e-01
3.581530938177664991e-01
3.585668871364418031e-01
3.589806804551172181e-01
3.593944737737925221e-01
3.598082670924679372e-01
3.602220604111432412e-01
3.606358537298186562e-01
3.610496470484939602e-01
3.614634403671693752e-01
3.618772336858446792e-01
3.622910270045200387e-01
3.627048203231953982e-01
3.631186136418707577e-01
3.635324069605461172e-01
3.639462002792214768e-01
3.643599935978968363e-01
3.647737869165721958e-01
3.651875802352475553e-01
3.656013735539228593e-01
3.660151668725982743e-01
3.664289601912735783e-01
3.668427535099489933e-01
3.672565468286242973e-01
3.676703401472997124e-01
3.680841334659750164e-01
3.684979267846504314e-01
3.689117201033257354e-01
3.693255134220010949e-01
3.697393067406764544e-01
3.701531000593518139e-01
3.705668933780271734e-01
3.709806866967025329e-01
3.713944800153778925e-01
3.718082733340532520e-01
3.722220666527286115e-01
3.726358599714039710e-01
3.730496532900793305e-01
3.734634466087546345e-01
3.738772399274300495e-01
3.742910332461053535e-01
3.747048265647807685e-01
3.763497710843373700e-01
