1.309899999999999953e-01
1.333199999999999941e-01
1.354200000000000126e-01
1.377200000000000091e-01
1.397299999999999931e-01
1.418000000000000094e-01
1.439799999999999969e-01
1.465400000000000036e-01
1.490400000000000058e-01
1.517600000000000060e-01
1.536299999999999888e-01
1.552800000000000014e-01
1.572500000000000009e-01
1.590399999999999869e-01
1.606299999999999950e-01
1.625300000000000078e-01
1.642599999999999894e-01
1.660399999999999932e-01
1.677700000000000025e-01
1.694700000000000095e-01
1.705500000000000071e-01
1.724299999999999999e-01
1.740299999999999903e-01
1.754999999999999893e-01
1.766399999999999915e-01
1.779000000000000026e-01
1.791000000000000092e-01
1.799300000000000066e-01
1.814300000000000079e-01
1.822000000000000008e-01
1.838299999999999934e-01
1.854300000000000115e-01
1.864000000000000101e-01
1.878199999999999870e-01
1.896299999999999930e-01
1.912200000000000011e-01
1.921499999999999875e-01
1.940800000000000025e-01
1.960399999999999920e-01
1.983300000000000063e-01
1.998900000000000121e-01
2.017299999999999927e-01
2.033300000000000107e-01
2.056099999999999872e-01
2.072100000000000053e-01
2.089000000000000024e-01
2.101399999999999935e-01
2.117199999999999915e-01
2.136299999999999866e-01
2.161599999999999910e-01
2.177199999999999969e-01
2.191299999999999915e-01
2.214800000000000102e-01
2.224599999999999911e-01
2.236899999999999999e-01
2.252000000000000113e-01
2.268999999999999906e-01
2.285500000000000032e-01
2.300599999999999867e-01
2.320599999999999885e-01
2.333300000000000096e-01
2.347100000000000020e-01
2.360500000000000098e-01
2.374100000000000099e-01
2.397900000000000031e-01
2.408599999999999908e-01
2.421599999999999864e-01
2.438299999999999912e-01
2.454399999999999915e-01
2.470600000000000018e-01
2.487600000000000089e-01
2.488900000000000001e-01
2.513699999999999823e-01
2.528199999999999892e-01
2.544199999999999795e-01
2.557599999999999874e-01
2.567999999999999727e-01
2.586700000000000110e-01
2.599000000000000199e-01
2.614099999999999757e-01
2.622499999999999831e-01
2.634500000000000175e-01
2.645500000000000074e-01
2.663800000000000057e-01
2.683900000000000174e-01
2.691200000000000259e-01
2.709699999999999886e-01
2.717800000000000216e-01
2.734300000000000064e-01
2.742200000000000193e-01
2.758200000000000096e-01
2.757800000000000251e-01
2.780299999999999994e-01
2.785699999999999843e-01
2.801100000000000256e-01
2.808999999999999830e-01
2.816799999999999859e-01
2.825699999999999878e-01
2.839900000000000202e-01
2.844499999999999806e-01
2.857199999999999740e-01
2.867399999999999949e-01
2.877500000000000058e-01
2.885699999999999932e-01
2.897000000000000131e-01
2.903100000000000125e-01
2.914599999999999969e-01
2.925900000000000167e-01
2.930699999999999972e-01
2.942899999999999960e-01
2.949800000000000200e-01
2.948899999999999855e-01
2.954300000000000259e-01
2.962500000000000133e-01
2.965499999999999803e-01
2.975999999999999757e-01
2.986599999999999810e-01
2.989999999999999880e-01
3.000800000000000134e-01
3.009999999999999898e-01
3.013299999999999867e-01
3.018100000000000227e-01
3.030499999999999861e-01
3.026699999999999946e-01
3.035100000000000020e-01
3.041200000000000014e-01
3.054399999999999893e-01
3.057300000000000018e-01
3.057799999999999963e-01
3.068400000000000016e-01
3.074100000000000166e-01
3.079299999999999815e-01
3.085700000000000109e-01
3.078199999999999825e-01
3.103899999999999992e-01
3.111800000000000122e-01
3.099000000000000088e-01
3.108099999999999752e-01
3.131700000000000039e-01
3.132599999999999829e-01
3.141700000000000048e-01
3.152400000000000202e-01
3.163300000000000001e-01
3.164100000000000246e-01
3.166399999999999770e-01
3.172900000000000165e-01
3.185299999999999798e-01
3.183000000000000274e-01
3.190600000000000103e-01
3.204400000000000026e-01
3.211100000000000065e-01
3.224099999999999744e-01
3.220799999999999774e-01
3.228400000000000158e-01
3.232499999999999818e-01
3.244199999999999862e-01
3.253599999999999826e-01
3.260100000000000220e-01
3.269400000000000084e-01
3.284000000000000252e-01
3.294400000000000106e-01
3.297999999999999821e-01
3.308499999999999774e-01
3.310500000000000109e-01
3.316200000000000259e-01
3.323499999999999788e-01
3.331299999999999817e-01
3.344699999999999895e-01
3.353300000000000169e-01
3.361500000000000044e-01
3.364099999999999868e-01
3.369800000000000018e-01
3.371299999999999852e-01
3.380000000000000226e-01
3.376899999999999902e-01
3.388100000000000001e-01
3.394400000000000195e-01
3.395000000000000240e-01
3.397399999999999864e-01
3.415699999999999847e-01
3.422700000000000187e-01
3.428399999999999781e-01
3.433800000000000185e-01
3.438300000000000245e-01
3.444400000000000239e-01
3.452200000000000268e-01
3.458700000000000108e-01
3.462299999999999822e-01
3.479700000000000015e-01
3.476400000000000046e-01
3.469499999999999806e-01
3.472799999999999776e-01
3.479300000000000170e-01
3.488800000000000234e-01
3.497500000000000053e-01
3.503399999999999848e-01
3.506038461538462103e-01
3.511930769230769411e-01
3.519392307692308375e-01
3.524999999999999800e-01
3.530107692307692391e-01
3.541250074847989704e-01
3.542679990487149211e-01
3.544109906126308718e-01
3.545539821765468225e-01
3.546969737404627732e-01
3.548399653043786683e-01
3.549829568682946190e-01
3.551259484322105697e-01
3.552689399961265204e-01
3.554119315600424711e-01
3.555549231239584218e-01
3.556979146878743725e-01
3.558409062517903232e-01
3.559838978157062739e-01
3.561268893796222246e-01
3.562698809435381753e-01
3.564128725074541260e-01
3.565558640713700767e-01
3.566988556352859718e-01
3.568418471992019225e-01
3.569848387631178732e-01
3.571278303270338239e-01
3.572708218909497746e-01
3.574138134548657253e-01
3.575568050187816760e-01
3.576997965826976267e-01
3.578427881466135774e-01
3.579857797105295281e-01
3.581287712744454788e-01
3.582717628383613739e-01
3.584147544022773246e-01
3.585577459661932753e-01
3.587007375301092260e-01
3.588437290940251767e-01
3.589867206579411274e-01
3.591297122218570781e-01
3.592727037857730288e-01
3.594156953496889795e-01
3.595586869136049302e-01
3.597016784775208809e-01
3.598446700414368316e-01
3.599876616053527822e-01
3.601306531692686774e-01
3.602736447331846281e-01
3.604166362971005788e-01
3.605596278610165295e-01
3.607026194249324802e-01
3.608456109888484309e-01
3.609886025527643816e-01
3.611315941166803323e-01
3.612745856805962830e-01
3.614175772445122337e-01
3.615605688084281288e-01
3.617035603723440795e-01
3.618465519362600302e-01
3.619895435001759809e-01
3.621325350640919316e-01
3.622755266280078823e-01
3.624185181919238330e-01
3.625615097558397837e-01
3.627045013197557344e-01
3.628474928836716851e-01
3.629904844475876358e-01
3.631334760115035865e-01
3.632764675754195371e-01
3.634194591393354878e-01
3.635624507032513830e-01
3.637054422671673337e-01
3.638484338310832844e-01
3.639914253949992351e-01
3.641344169589151858e-01
3.642774085228311365e-01
3.644204000867470872e-01
3.645633916506630379e-01
3.647063832145789886e-01
3.648493747784949393e-01
3.649923663424108344e-01
3.651353579063267851e-01
3.652783494702427358e-01
3.654213410341586865e-01
3.655643325980746372e-01
3.657073241619905879e-01
3.658503157259065386e-01
3.659933072898224893e-01
3.661362988537384400e-01
3.662792904176543907e-01
3.664222819815703414e-01
3.665652735454862921e-01
3.667082651094022427e-01
3.668512566733181379e-01
3.669942482372340886e-01
3.671372398011500393e-01
3.672802313650659900e-01
3.674232229289819407e-01
3.675662144928978914e-01
3.677092060568138421e-01
3.678521976207297928e-01
3.679951891846457435e-01
3.681381807485616942e-01
3.691799999999999526e-01
