600.000000  0.130990
610.000000  0.133320
620.000000  0.135420
630.000000  0.137720
640.000000  0.139730
650.000000  0.141800
660.000000  0.143980
670.000000  0.146540
680.000000  0.149040
690.000000  0.151760
700.000000  0.153630
710.000000  0.155280
720.000000  0.157250
730.000000  0.159040
740.000000  0.160630
750.000000  0.162530
760.000000  0.164260
770.000000  0.166040
780.000000  0.167770
790.000000  0.169470
800.000000  0.170550
810.000000  0.172430
820.000000  0.174030
830.000000  0.175500
840.000000  0.176640
850.000000  0.177900
860.000000  0.179100
870.000000  0.179930
880.000000  0.181430
890.000000  0.182200
900.000000  0.183830
910.000000  0.185430
920.000000  0.186400
930.000000  0.187820
940.000000  0.189630
950.000000  0.191220
960.000000  0.192150
970.000000  0.194080
980.000000  0.196040
990.000000  0.198330
1000.000000  0.199890
1010.000000  0.201730
1020.000000  0.203330
1030.000000  0.205610
1040.000000  0.207210
1050.000000  0.208900
1060.000000  0.210140
1070.000000  0.211720
1080.000000  0.213630
1090.000000  0.216160
1100.000000  0.217720
1110.000000  0.219130
1120.000000  0.221480
1130.000000  0.222460
1140.000000  0.223690
1150.000000  0.225200
1160.000000  0.226900
1170.000000  0.228550
1180.000000  0.230060
1190.000000  0.232060
1200.000000  0.233330
1210.000000  0.234710
1220.000000  0.236050
1230.000000  0.237410
1240.000000  0.239790
1250.000000  0.240860
1260.000000  0.242160
1270.000000  0.243830
1280.000000  0.245440
1290.000000  0.247060
1300.000000  0.248760
1310.000000  0.248890
1320.000000  0.251370
1330.000000  0.252820
1340.000000  0.254420
1350.000000  0.255760
1360.000000  0.256800
1370.000000  0.258670
1380.000000  0.259900
1390.000000  0.261410
1400.000000  0.262250
1410.000000  0.263450
1420.000000  0.264550
1430.000000  0.266380
1440.000000  0.268390
1450.000000  0.269120
1460.000000  0.270970
1470.000000  0.271780
1480.000000  0.273430
1490.000000  0.274220
1500.000000  0.275820
1510.000000  0.275780
1520.000000  0.278030
1530.000000  0.278570
1540.000000  0.280110
1550.000000  0.280900
1560.000000  0.281680
1570.000000  0.282570
1580.000000  0.283990
1590.000000  0.284450
1600.000000  0.285720
1610.000000  0.286740
1620.000000  0.287750
1630.000000  0.288570
1640.000000  0.289700
1650.000000  0.290310
1660.000000  0.291460
1670.000000  0.292590
1680.000000  0.293070
1690.000000  0.294290
1700.000000  0.294980
1710.000000  0.294890
1720.000000  0.295430
1730.000000  0.296250
1740.000000  0.296550
1750.000000  0.297600
1760.000000  0.298660
1770.000000  0.299000
1780.000000  0.300080
1790.000000  0.301000
1800.000000  0.301330
1810.000000  0.301810
1820.000000  0.303050
1830.000000  0.302670
1840.000000  0.303510
1850.000000  0.304120
1860.000000  0.305440
1870.000000  0.305730
1880.000000  0.305780
1890.000000  0.306840
1900.000000  0.307410
1910.000000  0.307930
1920.000000  0.308570
1930.000000  0.307820
1940.000000  0.310390
1950.000000  0.311180
1960.000000  0.309900
1970.000000  0.310810
1980.000000  0.313170
1990.000000  0.313260
2000.000000  0.314170
2010.000000  0.315240
2020.000000  0.316330
2030.000000  0.316410
2040.000000  0.316640
2050.000000  0.317290
2060.000000  0.318530
2070.000000  0.318300
2080.000000  0.319060
2090.000000  0.320440
2100.000000  0.321110
2110.000000  0.322410
2120.000000  0.322080
2130.000000  0.322840
2140.000000  0.323250
2150.000000  0.324420
2160.000000  0.325360
2170.000000  0.326010
2180.000000  0.326940
2190.000000  0.328400
2200.000000  0.329440
2210.000000  0.329800
2220.000000  0.330850
2230.000000  0.331050
2240.000000  0.331620
2250.000000  0.332350
2260.000000  0.333130
2270.000000  0.334470
2280.000000  0.335330
2290.000000  0.336150
2300.000000  0.336410
2310.000000  0.336980
2320.000000  0.337130
2330.000000  0.338000
2340.000000  0.337690
2350.000000  0.338810
2360.000000  0.339440
2370.000000  0.339500
2380.000000  0.339740
2390.000000  0.341570
2400.000000  0.342270
2410.000000  0.342840
2420.000000  0.343380
2430.000000  0.343830
2440.000000  0.344440
2450.000000  0.345220
2460.000000  0.345870
2470.000000  0.346230
2480.000000  0.347970
2490.000000  0.347640
2500.000000  0.346950
2510.000000  0.347280
2520.000000  0.347930
2530.000000  0.348880
2540.000000  0.349750
2550.000000  0.350340
2560.000000  0.350604
2570.000000  0.351193
2580.000000  0.351939
2590.000000  0.352500
2600.000000  0.353011
2610.000000  0.353482
2620.000000  0.353468
2630.000000  0.353878
2640.000000  0.355076
2650.000000  0.355505
2660.000000  0.355596
2670.000000  0.354819
2680.000000  0.355421
2690.000000  0.355795
2700.000000  0.356164
2710.000000  0.356527
2720.000000  0.356886
2730.000000  0.357240
2740.000000  0.357589
2750.000000  0.357933
2760.000000  0.358272
2770.000000  0.358606
2780.000000  0.358935
2790.000000  0.359259
2800.000000  0.359578
2810.000000  0.359892
2820.000000  0.360201
2830.000000  0.360506
2840.000000  0.360805
2850.000000  0.361099
2860.000000  0.361388
2870.000000  0.361673
2880.000000  0.361952
2890.000000  0.362226
2900.000000  0.362496
2910.000000  0.362760
2920.000000  0.363020
2930.000000  0.363274
2940.000000  0.363524
2950.000000  0.363768
2960.000000  0.364008
2970.000000  0.364242
2980.000000  0.364472
2990.000000  0.364697
3000.000000  0.364917
3010.000000  0.365131
3020.000000  0.365341
3030.000000  0.365546
3040.000000  0.365746
3050.000000  0.365941
3060.000000  0.366131
3070.000000  0.366315
3080.000000  0.366495
3090.000000  0.366670
3100.000000  0.366840
3110.000000  0.367006
3120.000000  0.367166
3130.000000  0.367321
3140.000000  0.367471
3150.000000  0.367616
3160.000000  0.367756
3170.000000  0.367892
3180.000000  0.368022
3190.000000  0.368147
3200.000000  0.368268
3210.000000  0.368383
3220.000000  0.368493
3230.000000  0.368599
3240.000000  0.368699
3250.000000  0.368795
3260.000000  0.368885
3270.000000  0.368971
3280.000000  0.369052
3290.000000  0.369127
3300.000000  0.369198
3310.000000  0.369264
3320.000000  0.369324
3330.000000  0.369380
3340.000000  0.369431
3350.000000  0.369477
3360.000000  0.369518
3370.000000  0.369553
3380.000000  0.369584
3390.000000  0.369610
3400.000000  0.369631
3410.000000  0.369647
3420.000000  0.369658
3430.000000  0.369664
3440.000000  0.369666
3450.000000  0.369662
3460.000000  0.369653
3470.000000  0.369639
3480.000000  0.369620
3490.000000  0.369597
3500.000000  0.369568
3510.000000  0.369534
3520.000000  0.369496
3530.000000  0.369452
3540.000000  0.369403
3550.000000  0.369350
3560.000000  0.369291
3570.000000  0.369228
3580.000000  0.369159
3590.000000  0.369086
3600.000000  0.369180
