1.207300000000000040e-01
1.227300000000000058e-01
1.247599999999999959e-01
1.265199999999999936e-01
1.284500000000000086e-01
1.302800000000000069e-01
1.320900000000000130e-01
1.343199999999999950e-01
1.364599999999999980e-01
1.385899999999999910e-01
1.403800000000000048e-01
1.421399999999999886e-01
1.439199999999999924e-01
1.455899999999999972e-01
1.471999999999999975e-01
1.491999999999999993e-01
1.506000000000000116e-01
1.520400000000000085e-01
1.538200000000000123e-01
1.549399999999999944e-01
1.568599999999999994e-01
1.580799999999999983e-01
1.590600000000000069e-01
1.599599999999999911e-01
1.607000000000000095e-01
1.618100000000000094e-01
1.629800000000000137e-01
1.639799999999999869e-01
1.649299999999999933e-01
1.657099999999999962e-01
1.668699999999999906e-01
1.678099999999999870e-01
1.689599999999999991e-01
1.699199999999999877e-01
1.713399999999999923e-01
1.724100000000000077e-01
1.740800000000000125e-01
1.752299999999999969e-01
1.778299999999999881e-01
1.795299999999999951e-01
1.811099999999999932e-01
1.827400000000000135e-01
1.842600000000000071e-01
1.859800000000000064e-01
1.883799999999999919e-01
1.907600000000000129e-01
1.924399999999999999e-01
1.942099999999999937e-01
1.954599999999999949e-01
1.972800000000000109e-01
1.987299999999999900e-01
2.003300000000000081e-01
2.028200000000000003e-01
2.041600000000000081e-01
2.054600000000000037e-01
2.074000000000000010e-01
2.080899999999999972e-01
2.104000000000000037e-01
2.122100000000000097e-01
2.133500000000000119e-01
2.147699999999999887e-01
2.162000000000000033e-01
2.179000000000000103e-01
2.195000000000000007e-01
2.209200000000000053e-01
2.224200000000000066e-01
2.240600000000000092e-01
2.248799999999999966e-01
2.271199999999999886e-01
2.291799999999999948e-01
2.305999999999999994e-01
2.323600000000000110e-01
2.334499999999999909e-01
2.350599999999999912e-01
2.371000000000000052e-01
2.380899999999999961e-01
2.394399999999999862e-01
2.408800000000000108e-01
2.426599999999999868e-01
2.440299999999999969e-01
2.453599999999999948e-01
2.471800000000000108e-01
2.491899999999999948e-01
2.503400000000000070e-01
2.517099999999999893e-01
2.531700000000000061e-01
2.546300000000000230e-01
2.560200000000000253e-01
2.574600000000000222e-01
2.583799999999999986e-01
2.591700000000000115e-01
2.608500000000000263e-01
2.618500000000000272e-01
2.633499999999999730e-01
2.643099999999999894e-01
2.654699999999999838e-01
2.661100000000000132e-01
2.674199999999999910e-01
2.681600000000000095e-01
2.695299999999999918e-01
2.708200000000000052e-01
2.720899999999999985e-01
2.736899999999999888e-01
2.734300000000000064e-01
2.743700000000000028e-01
2.754400000000000182e-01
2.772299999999999764e-01
2.775099999999999789e-01
2.787000000000000033e-01
2.791799999999999837e-01
2.803399999999999781e-01
2.822700000000000209e-01
2.822200000000000264e-01
2.831000000000000183e-01
2.833100000000000063e-01
2.844300000000000161e-01
2.861400000000000055e-01
2.864599999999999924e-01
2.875199999999999978e-01
2.879200000000000093e-01
2.878999999999999893e-01
2.890499999999999736e-01
2.897199999999999775e-01
2.908700000000000174e-01
2.924399999999999777e-01
2.925400000000000222e-01
2.927000000000000157e-01
2.931599999999999762e-01
2.945099999999999940e-01
2.955800000000000094e-01
2.953500000000000014e-01
2.954399999999999804e-01
2.980800000000000116e-01
2.974200000000000177e-01
2.993000000000000105e-01
2.995900000000000230e-01
3.001199999999999979e-01
3.004000000000000004e-01
3.018600000000000172e-01
3.030800000000000161e-01
3.036699999999999955e-01
3.046900000000000164e-01
3.052300000000000013e-01
3.058100000000000263e-01
3.066800000000000082e-01
3.070300000000000251e-01
3.092799999999999994e-01
3.097400000000000153e-01
3.102500000000000258e-01
3.109500000000000042e-01
3.122500000000000275e-01
3.140499999999999958e-01
3.142900000000000138e-01
3.152200000000000002e-01
3.155499999999999972e-01
3.172499999999999765e-01
3.175999999999999934e-01
3.189699999999999758e-01
3.198900000000000077e-01
3.212999999999999745e-01
3.221200000000000174e-01
3.233800000000000008e-01
3.246100000000000096e-01
3.257900000000000240e-01
3.261200000000000210e-01
3.274400000000000088e-01
3.286399999999999877e-01
3.291499999999999981e-01
3.301799999999999735e-01
3.319599999999999773e-01
3.314900000000000069e-01
3.327300000000000257e-01
3.338700000000000001e-01
3.348499999999999810e-01
3.352899999999999769e-01
3.355099999999999749e-01
3.367600000000000038e-01
3.373700000000000032e-01
3.380699999999999816e-01
3.391899999999999915e-01
3.398999999999999799e-01
3.411799999999999833e-01
3.420099999999999807e-01
3.422899999999999832e-01
3.430300000000000016e-01
3.442799999999999749e-01
3.446600000000000219e-01
3.452700000000000213e-01
3.469800000000000106e-01
3.466000000000000192e-01
3.462799999999999767e-01
3.470199999999999951e-01
3.487999999999999989e-01
3.497999999999999998e-01
3.497899999999999898e-01
3.496900000000000008e-01
3.501738461538461689e-01
3.510984615384615815e-01
3.518446153846154223e-01
3.526453846153845828e-01
3.532523076923076988e-01
3.550897334372382086e-01
3.553608607919687135e-01
3.556319881466992738e-01
3.559031155014297787e-01
3.561742428561603391e-01
3.564453702108908439e-01
3.567164975656214043e-01
3.569876249203519647e-01
3.572587522750824696e-01
3.575298796298129744e-01
3.578010069845435348e-01
3.580721343392740952e-01
3.583432616940046000e-01
3.586143890487351049e-01
3.588855164034656653e-01
3.591566437581962257e-01
3.594277711129267305e-01
3.596988984676572354e-01
3.599700258223877958e-01
3.602411531771183562e-01
3.605122805318488610e-01
3.607834078865794214e-01
3.610545352413099263e-01
3.613256625960404866e-01
3.615967899507709915e-01
3.618679173055015519e-01
3.621390446602320567e-01
3.624101720149626171e-01
3.626812993696931220e-01
3.629524267244236824e-01
3.632235540791541872e-01
3.634946814338847476e-01
3.637658087886152525e-01
3.640369361433458129e-01
3.643080634980763177e-01
3.645791908528068781e-01
3.648503182075374385e-01
3.651214455622679433e-01
3.653925729169984482e-01
3.656637002717290086e-01
3.659348276264595690e-01
3.662059549811900738e-01
3.664770823359205787e-01
3.667482096906511391e-01
3.670193370453816994e-01
3.672904644001122043e-01
3.675615917548427092e-01
3.678327191095732696e-01
3.681038464643038299e-01
3.683749738190343348e-01
3.686461011737648952e-01
3.689172285284954000e-01
3.691883558832259604e-01
3.694594832379564653e-01
3.697306105926870257e-01
3.700017379474175305e-01
3.702728653021480909e-01
3.705439926568785958e-01
3.708151200116091561e-01
3.710862473663396610e-01
3.713573747210702214e-01
3.716285020758007263e-01
3.718996294305312866e-01
3.721707567852617915e-01
3.724418841399923519e-01
3.727130114947228567e-01
3.729841388494534171e-01
3.732552662041839220e-01
3.735263935589144824e-01
3.737975209136450427e-01
3.740686482683755476e-01
3.743397756231060525e-01
3.746109029778366128e-01
3.748820303325671732e-01
3.751531576872976781e-01
3.754242850420281830e-01
3.756954123967587433e-01
3.759665397514893037e-01
3.762376671062198086e-01
3.765087944609503134e-01
3.767799218156808738e-01
3.770510491704114342e-01
3.773221765251419391e-01
3.775933038798724994e-01
3.778644312346030043e-01
3.781355585893335647e-01
3.784066859440640695e-01
3.786778132987946299e-01
3.789489406535251348e-01
3.792200680082556952e-01
3.794911953629862000e-01
3.797623227177167604e-01
3.800334500724472653e-01
3.803045774271778257e-01
3.805757047819083305e-01
3.808468321366388909e-01
3.811179594913693958e-01
3.813890868460999561e-01
3.816602142008305165e-01
3.833300000000000041e-01
