600.000000  0.120730
610.000000  0.122730
620.000000  0.124760
630.000000  0.126520
640.000000  0.128450
650.000000  0.130280
660.000000  0.132090
670.000000  0.134320
680.000000  0.136460
690.000000  0.138590
700.000000  0.140380
710.000000  0.142140
720.000000  0.143920
730.000000  0.145590
740.000000  0.147200
750.000000  0.149200
760.000000  0.150600
770.000000  0.152040
780.000000  0.153820
790.000000  0.154940
800.000000  0.156860
810.000000  0.158080
820.000000  0.159060
830.000000  0.159960
840.000000  0.160700
850.000000  0.161810
860.000000  0.162980
870.000000  0.163980
880.000000  0.164930
890.000000  0.165710
900.000000  0.166870
910.000000  0.167810
920.000000  0.168960
930.000000  0.169920
940.000000  0.171340
950.000000  0.172410
960.000000  0.174080
970.000000  0.175230
980.000000  0.177830
990.000000  0.179530
1000.000000  0.181110
1010.000000  0.182740
1020.000000  0.184260
1030.000000  0.185980
1040.000000  0.188380
1050.000000  0.190760
1060.000000  0.192440
1070.000000  0.194210
1080.000000  0.195460
1090.000000  0.197280
1100.000000  0.198730
1110.000000  0.200330
1120.000000  0.202820
1130.000000  0.204160
1140.000000  0.205460
1150.000000  0.207400
1160.000000  0.208090
1170.000000  0.210400
1180.000000  0.212210
1190.000000  0.213350
1200.000000  0.214770
1210.000000  0.216200
1220.000000  0.217900
1230.000000  0.219500
1240.000000  0.220920
1250.000000  0.222420
1260.000000  0.224060
1270.000000  0.224880
1280.000000  0.227120
1290.000000  0.229180
1300.000000  0.230600
1310.000000  0.232360
1320.000000  0.233450
1330.000000  0.235060
1340.000000  0.237100
1350.000000  0.238090
1360.000000  0.239440
1370.000000  0.240880
1380.000000  0.242660
1390.000000  0.244030
1400.000000  0.245360
1410.000000  0.247180
1420.000000  0.249190
1430.000000  0.250340
1440.000000  0.251710
1450.000000  0.253170
1460.000000  0.254630
1470.000000  0.256020
1480.000000  0.257460
1490.000000  0.258380
1500.000000  0.259170
1510.000000  0.260850
1520.000000  0.261850
1530.000000  0.263350
1540.000000  0.264310
1550.000000  0.265470
1560.000000  0.266110
1570.000000  0.267420
1580.000000  0.268160
1590.000000  0.269530
1600.000000  0.270820
1610.000000  0.272090
1620.000000  0.273690
1630.000000  0.273430
1640.000000  0.274370
1650.000000  0.275440
1660.000000  0.277230
1670.000000  0.277510
1680.000000  0.278700
1690.000000  0.279180
1700.000000  0.280340
1710.000000  0.282270
1720.000000  0.282220
1730.000000  0.283100
1740.000000  0.283310
1750.000000  0.284430
1760.000000  0.286140
1770.000000  0.286460
1780.000000  0.287520
1790.000000  0.287920
1800.000000  0.287900
1810.000000  0.289050
1820.000000  0.289720
1830.000000  0.290870
1840.000000  0.292440
1850.000000  0.292540
1860.000000  0.292700
1870.000000  0.293160
1880.000000  0.294510
1890.000000  0.295580
1900.000000  0.295350
1910.000000  0.295440
1920.000000  0.298080
1930.000000  0.297420
1940.000000  0.299300
1950.000000  0.299590
1960.000000  0.300120
1970.000000  0.300400
1980.000000  0.301860
1990.000000  0.303080
2000.000000  0.303670
2010.000000  0.304690
2020.000000  0.305230
2030.000000  0.305810
2040.000000  0.306680
2050.000000  0.307030
2060.000000  0.309280
2070.000000  0.309740
2080.000000  0.310250
2090.000000  0.310950
2100.000000  0.312250
2110.000000  0.314050
2120.000000  0.314290
2130.000000  0.315220
2140.000000  0.315550
2150.000000  0.317250
2160.000000  0.317600
2170.000000  0.318970
2180.000000  0.319890
2190.000000  0.321300
2200.000000  0.322120
2210.000000  0.323380
2220.000000  0.324610
2230.000000  0.325790
2240.000000  0.326120
2250.000000  0.327440
2260.000000  0.328640
2270.000000  0.329150
2280.000000  0.330180
2290.000000  0.331960
2300.000000  0.331490
2310.000000  0.332730
2320.000000  0.333870
2330.000000  0.334850
2340.000000  0.335290
2350.000000  0.335510
2360.000000  0.336760
2370.000000  0.337370
2380.000000  0.338070
2390.000000  0.339190
2400.000000  0.339900
2410.000000  0.341180
2420.000000  0.342010
2430.000000  0.342290
2440.000000  0.343030
2450.000000  0.344280
2460.000000  0.344660
2470.000000  0.345270
2480.000000  0.346980
2490.000000  0.346600
2500.000000  0.346280
2510.000000  0.347020
2520.000000  0.348800
2530.000000  0.349800
2540.000000  0.349790
2550.000000  0.349690
2560.000000  0.350174
2570.000000  0.351098
2580.000000  0.351845
2590.000000  0.352645
2600.000000  0.353252
2610.000000  0.353818
2620.000000  0.354147
2630.000000  0.354689
2640.000000  0.355974
2650.000000  0.356467
2660.000000  0.356854
2670.000000  0.357239
2680.000000  0.357621
2690.000000  0.358002
2700.000000  0.358380
2710.000000  0.358755
2720.000000  0.359129
2730.000000  0.359500
2740.000000  0.359869
2750.000000  0.360236
2760.000000  0.360600
2770.000000  0.360962
2780.000000  0.361322
2790.000000  0.361680
2800.000000  0.362035
2810.000000  0.362389
2820.000000  0.362739
2830.000000  0.363088
2840.000000  0.363435
2850.000000  0.363779
2860.000000  0.364121
2870.000000  0.364460
2880.000000  0.364798
2890.000000  0.365133
2900.000000  0.365466
2910.000000  0.365796
2920.000000  0.366125
2930.000000  0.366451
2940.000000  0.366775
2950.000000  0.367096
2960.000000  0.367416
2970.000000  0.367733
2980.000000  0.368048
2990.000000  0.368360
3000.000000  0.368671
3010.000000  0.368979
3020.000000  0.369284
3030.000000  0.369588
3040.000000  0.369889
3050.000000  0.370188
3060.000000  0.370485
3070.000000  0.370780
3080.000000  0.371072
3090.000000  0.371362
3100.000000  0.371650
3110.000000  0.371935
3120.000000  0.372219
3130.000000  0.372500
3140.000000  0.372778
3150.000000  0.373055
3160.000000  0.373329
3170.000000  0.373601
3180.000000  0.373871
3190.000000  0.374138
3200.000000  0.374404
3210.000000  0.374667
3220.000000  0.374927
3230.000000  0.375186
3240.000000  0.375442
3250.000000  0.375696
3260.000000  0.375948
3270.000000  0.376197
3280.000000  0.376444
3290.000000  0.376689
3300.000000  0.376932
3310.000000  0.377173
3320.000000  0.377411
3330.000000  0.377647
3340.000000  0.377880
3350.000000  0.378112
3360.000000  0.378341
3370.000000  0.378568
3380.000000  0.378792
3390.000000  0.379015
3400.000000  0.379235
3410.000000  0.379453
3420.000000  0.379669
3430.000000  0.379882
3440.000000  0.380093
3450.000000  0.380302
3460.000000  0.380508
3470.000000  0.380713
3480.000000  0.380915
3490.000000  0.381115
3500.000000  0.381312
3510.000000  0.381508
3520.000000  0.381701
3530.000000  0.381892
3540.000000  0.382080
3550.000000  0.382267
3560.000000  0.382451
3570.000000  0.382632
3580.000000  0.382812
3590.000000  0.382989
3600.000000  0.383330
