600.000000  0.061015
610.000000  0.062038
620.000000  0.062999
630.000000  0.063621
640.000000  0.064425
650.000000  0.065180
660.000000  0.065824
670.000000  0.066388
680.000000  0.067265
690.000000  0.067648
700.000000  0.068486
710.000000  0.068894
720.000000  0.069510
730.000000  0.069655
740.000000  0.070228
750.000000  0.070905
760.000000  0.071513
770.000000  0.072210
780.000000  0.072749
790.000000  0.073141
800.000000  0.073747
810.000000  0.073942
820.000000  0.073933
830.000000  0.073825
840.000000  0.073523
850.000000  0.073525
860.000000  0.072860
870.000000  0.072437
880.000000  0.071567
890.000000  0.071272
900.000000  0.070943
910.000000  0.070779
920.000000  0.070665
930.000000  0.070350
940.000000  0.070170
950.000000  0.070566
960.000000  0.070770
970.000000  0.071034
980.000000  0.071562
990.000000  0.072084
1000.000000  0.072710
1010.000000  0.073658
1020.000000  0.074485
1030.000000  0.075411
1040.000000  0.076460
1050.000000  0.077686
1060.000000  0.078819
1070.000000  0.080011
1080.000000  0.081447
1090.000000  0.082576
1100.000000  0.084040
1110.000000  0.085117
1120.000000  0.086389
1130.000000  0.088014
1140.000000  0.088964
1150.000000  0.089874
1160.000000  0.091226
1170.000000  0.092137
1180.000000  0.093745
1190.000000  0.094292
1200.000000  0.095277
1210.000000  0.096440
1220.000000  0.097464
1230.000000  0.098259
1240.000000  0.098951
1250.000000  0.100103
1260.000000  0.101067
1270.000000  0.102181
1280.000000  0.103284
1290.000000  0.104449
1300.000000  0.105992
1310.000000  0.106889
1320.000000  0.108154
1330.000000  0.108716
1340.000000  0.110473
1350.000000  0.111068
1360.000000  0.111919
1370.000000  0.113730
1380.000000  0.114633
1390.000000  0.116692
1400.000000  0.116853
1410.000000  0.119092
1420.000000  0.119603
1430.000000  0.121274
1440.000000  0.122543
1450.000000  0.123280
1460.000000  0.124872
1470.000000  0.125819
1480.000000  0.127261
1490.000000  0.128037
1500.000000  0.129093
1510.000000  0.129871
1520.000000  0.130925
1530.000000  0.131952
1540.000000  0.132627
1550.000000  0.133258
1560.000000  0.134169
1570.000000  0.134383
1580.000000  0.135077
1590.000000  0.136440
1600.000000  0.136734
1610.000000  0.136988
1620.000000  0.137930
1630.000000  0.137611
1640.000000  0.138337
1650.000000  0.138341
1660.000000  0.138794
1670.000000  0.139608
1680.000000  0.139542
1690.000000  0.139891
1700.000000  0.139726
1710.000000  0.140051
1720.000000  0.139880
1730.000000  0.140485
1740.000000  0.140700
1750.000000  0.140557
1760.000000  0.141637
1770.000000  0.141289
1780.000000  0.141076
1790.000000  0.141562
1800.000000  0.141979
1810.000000  0.142221
1820.000000  0.142240
1830.000000  0.142669
1840.000000  0.142504
1850.000000  0.142447
1860.000000  0.143119
1870.000000  0.142593
1880.000000  0.143808
1890.000000  0.143701
1900.000000  0.143255
1910.000000  0.144322
1920.000000  0.144214
1930.000000  0.144743
1940.000000  0.144769
1950.000000  0.145463
1960.000000  0.145839
1970.000000  0.146252
1980.000000  0.146438
1990.000000  0.146809
2000.000000  0.147422
2010.000000  0.148125
2020.000000  0.148493
2030.000000  0.148910
2040.000000  0.149779
2050.000000  0.150438
2060.000000  0.150771
2070.000000  0.151717
2080.000000  0.151638
2090.000000  0.152738
2100.000000  0.153658
2110.000000  0.154564
2120.000000  0.155266
2130.000000  0.156219
2140.000000  0.156955
2150.000000  0.158061
2160.000000  0.158407
2170.000000  0.159727
2180.000000  0.160448
2190.000000  0.161419
2200.000000  0.162697
2210.000000  0.163453
2220.000000  0.164586
2230.000000  0.165959
2240.000000  0.167363
2250.000000  0.168878
2260.000000  0.169632
2270.000000  0.170476
2280.000000  0.171803
2290.000000  0.172859
2300.000000  0.173827
2310.000000  0.175022
2320.000000  0.176276
2330.000000  0.177413
2340.000000  0.178034
2350.000000  0.179429
2360.000000  0.180413
2370.000000  0.181219
2380.000000  0.182428
2390.000000  0.183307
2400.000000  0.185102
2410.000000  0.186264
2420.000000  0.187506
2430.000000  0.188983
2440.000000  0.190458
2450.000000  0.191519
2460.000000  0.192719
2470.000000  0.193675
2480.000000  0.194383
2490.000000  0.195602
2500.000000  0.196923
2510.000000  0.197252
2520.000000  0.197983
2530.000000  0.198990
2540.000000  0.199527
2550.000000  0.200671
2560.000000  0.201204
2570.000000  0.201956
2580.000000  0.202640
2590.000000  0.203903
2600.000000  0.204547
2610.000000  0.205006
2620.000000  0.205898
2630.000000  0.206580
2640.000000  0.206879
2650.000000  0.207602
2660.000000  0.207845
2670.000000  0.208085
2680.000000  0.208321
2690.000000  0.208554
2700.000000  0.208782
2710.000000  0.209006
2720.000000  0.209226
2730.000000  0.209442
2740.000000  0.209653
2750.000000  0.209861
2760.000000  0.210065
2770.000000  0.210265
2780.000000  0.210461
2790.000000  0.210652
2800.000000  0.210840
2810.000000  0.211024
2820.000000  0.211203
2830.000000  0.211379
2840.000000  0.211550
2850.000000  0.211718
2860.000000  0.211881
2870.000000  0.212040
2880.000000  0.212196
2890.000000  0.212347
2900.000000  0.212494
2910.000000  0.212637
2920.000000  0.212777
2930.000000  0.212912
2940.000000  0.213043
2950.000000  0.213170
2960.000000  0.213293
2970.000000  0.213412
2980.000000  0.213527
2990.000000  0.213638
3000.000000  0.213744
3010.000000  0.213847
3020.000000  0.213946
3030.000000  0.214041
3040.000000  0.214131
3050.000000  0.214218
3060.000000  0.214301
3070.000000  0.214379
3080.000000  0.214454
3090.000000  0.214524
3100.000000  0.214591
3110.000000  0.214653
3120.000000  0.214711
3130.000000  0.214766
3140.000000  0.214816
3150.000000  0.214862
3160.000000  0.214904
3170.000000  0.214942
3180.000000  0.214976
3190.000000  0.215007
3200.000000  0.215033
3210.000000  0.215054
3220.000000  0.215072
3230.000000  0.215086
3240.000000  0.215096
3250.000000  0.215102
3260.000000  0.215104
3270.000000  0.215101
3280.000000  0.215095
3290.000000  0.215085
3300.000000  0.215070
3310.000000  0.215052
3320.000000  0.215030
3330.000000  0.215003
3340.000000  0.214972
3350.000000  0.214938
3360.000000  0.214899
3370.000000  0.214857
3380.000000  0.214810
3390.000000  0.214759
3400.000000  0.214704
3410.000000  0.214645
3420.000000  0.214583
3430.000000  0.214516
3440.000000  0.214445
3450.000000  0.214370
3460.000000  0.214291
3470.000000  0.214208
3480.000000  0.214120
3490.000000  0.214029
3500.000000  0.213934
3510.000000  0.213835
3520.000000  0.213731
3530.000000  0.213624
3540.000000  0.213513
3550.000000  0.213397
3560.000000  0.213278
3570.000000  0.213154
3580.000000  0.213027
3590.000000  0.212895
3600.000000  0.212906
