600.000000  0.065963
610.000000  0.067115
620.000000  0.068432
630.000000  0.069747
640.000000  0.070805
650.000000  0.072163
660.000000  0.073130
670.000000  0.074273
680.000000  0.075079
690.000000  0.076430
700.000000  0.077629
710.000000  0.078287
720.000000  0.079295
730.000000  0.080136
740.000000  0.081004
750.000000  0.081404
760.000000  0.081525
770.000000  0.082157
780.000000  0.082735
790.000000  0.082876
800.000000  0.082411
810.000000  0.082535
820.000000  0.082262
830.000000  0.082262
840.000000  0.081987
850.000000  0.081895
860.000000  0.081903
870.000000  0.081741
880.000000  0.081659
890.000000  0.081019
900.000000  0.081203
910.000000  0.080980
920.000000  0.080813
930.000000  0.081101
940.000000  0.081234
950.000000  0.081460
960.000000  0.082161
970.000000  0.083067
980.000000  0.083952
990.000000  0.084881
1000.000000  0.085547
1010.000000  0.086979
1020.000000  0.087917
1030.000000  0.089344
1040.000000  0.090751
1050.000000  0.092413
1060.000000  0.093844
1070.000000  0.095067
1080.000000  0.096554
1090.000000  0.097989
1100.000000  0.099603
1110.000000  0.101259
1120.000000  0.102725
1130.000000  0.103634
1140.000000  0.105148
1150.000000  0.106233
1160.000000  0.107827
1170.000000  0.108782
1180.000000  0.109828
1190.000000  0.111002
1200.000000  0.112416
1210.000000  0.113412
1220.000000  0.114627
1230.000000  0.115663
1240.000000  0.116563
1250.000000  0.117461
1260.000000  0.118780
1270.000000  0.119806
1280.000000  0.120965
1290.000000  0.121942
1300.000000  0.123134
1310.000000  0.124287
1320.000000  0.125405
1330.000000  0.126481
1340.000000  0.127855
1350.000000  0.128298
1360.000000  0.130172
1370.000000  0.130940
1380.000000  0.132476
1390.000000  0.133566
1400.000000  0.134616
1410.000000  0.135552
1420.000000  0.136683
1430.000000  0.137644
1440.000000  0.138553
1450.000000  0.139795
1460.000000  0.140855
1470.000000  0.141512
1480.000000  0.142434
1490.000000  0.143434
1500.000000  0.144159
1510.000000  0.145182
1520.000000  0.145805
1530.000000  0.146721
1540.000000  0.147655
1550.000000  0.148425
1560.000000  0.149238
1570.000000  0.149754
1580.000000  0.150699
1590.000000  0.151337
1600.000000  0.152339
1610.000000  0.152489
1620.000000  0.153722
1630.000000  0.154141
1640.000000  0.154435
1650.000000  0.155398
1660.000000  0.155604
1670.000000  0.156139
1680.000000  0.156672
1690.000000  0.157285
1700.000000  0.157981
1710.000000  0.158710
1720.000000  0.159235
1730.000000  0.159801
1740.000000  0.160197
1750.000000  0.160804
1760.000000  0.161081
1770.000000  0.161871
1780.000000  0.162294
1790.000000  0.162652
1800.000000  0.163420
1810.000000  0.164069
1820.000000  0.164639
1830.000000  0.164861
1840.000000  0.165283
1850.000000  0.166076
1860.000000  0.166255
1870.000000  0.165974
1880.000000  0.167474
1890.000000  0.167456
1900.000000  0.167928
1910.000000  0.168794
1920.000000  0.169577
1930.000000  0.169700
1940.000000  0.170596
1950.000000  0.170998
1960.000000  0.171245
1970.000000  0.172004
1980.000000  0.172441
1990.000000  0.173152
2000.000000  0.173909
2010.000000  0.174693
2020.000000  0.175675
2030.000000  0.176039
2040.000000  0.176763
2050.000000  0.177338
2060.000000  0.178724
2070.000000  0.179151
2080.000000  0.180154
2090.000000  0.180801
2100.000000  0.181440
2110.000000  0.182290
2120.000000  0.183231
2130.000000  0.184014
2140.000000  0.184660
2150.000000  0.185270
2160.000000  0.186435
2170.000000  0.187332
2180.000000  0.188236
2190.000000  0.189222
2200.000000  0.190410
2210.000000  0.191429
2220.000000  0.192548
2230.000000  0.193454
2240.000000  0.194419
2250.000000  0.195452
2260.000000  0.196551
2270.000000  0.197882
2280.000000  0.199020
2290.000000  0.200032
2300.000000  0.201166
2310.000000  0.202198
2320.000000  0.202687
2330.000000  0.203565
2340.000000  0.204406
2350.000000  0.205800
2360.000000  0.206521
2370.000000  0.207318
2380.000000  0.208551
2390.000000  0.209826
2400.000000  0.210846
2410.000000  0.211803
2420.000000  0.213071
2430.000000  0.214203
2440.000000  0.215148
2450.000000  0.217039
2460.000000  0.217169
2470.000000  0.218145
2480.000000  0.218557
2490.000000  0.219854
2500.000000  0.220083
2510.000000  0.220701
2520.000000  0.221325
2530.000000  0.221965
2540.000000  0.222472
2550.000000  0.223343
2560.000000  0.224077
2570.000000  0.224567
2580.000000  0.225554
2590.000000  0.226127
2600.000000  0.227156
2610.000000  0.227481
2620.000000  0.227968
2630.000000  0.228574
2640.000000  0.229083
2650.000000  0.229480
2660.000000  0.229738
2670.000000  0.229993
2680.000000  0.230244
2690.000000  0.230492
2700.000000  0.230736
2710.000000  0.230977
2720.000000  0.231214
2730.000000  0.231447
2740.000000  0.231676
2750.000000  0.231903
2760.000000  0.232125
2770.000000  0.232344
2780.000000  0.232559
2790.000000  0.232771
2800.000000  0.232978
2810.000000  0.233183
2820.000000  0.233384
2830.000000  0.233581
2840.000000  0.233774
2850.000000  0.233964
2860.000000  0.234150
2870.000000  0.234333
2880.000000  0.234512
2890.000000  0.234688
2900.000000  0.234859
2910.000000  0.235028
2920.000000  0.235192
2930.000000  0.235353
2940.000000  0.235511
2950.000000  0.235665
2960.000000  0.235815
2970.000000  0.235961
2980.000000  0.236104
2990.000000  0.236244
3000.000000  0.236379
3010.000000  0.236511
3020.000000  0.236640
3030.000000  0.236765
3040.000000  0.236886
3050.000000  0.237004
3060.000000  0.237118
3070.000000  0.237228
3080.000000  0.237335
3090.000000  0.237438
3100.000000  0.237538
3110.000000  0.237634
3120.000000  0.237726
3130.000000  0.237815
3140.000000  0.237900
3150.000000  0.237982
3160.000000  0.238060
3170.000000  0.238134
3180.000000  0.238205
3190.000000  0.238272
3200.000000  0.238335
3210.000000  0.238395
3220.000000  0.238451
3230.000000  0.238504
3240.000000  0.238553
3250.000000  0.238598
3260.000000  0.238640
3270.000000  0.238678
3280.000000  0.238713
3290.000000  0.238744
3300.000000  0.238771
3310.000000  0.238795
3320.000000  0.238815
3330.000000  0.238832
3340.000000  0.238845
3350.000000  0.238854
3360.000000  0.238860
3370.000000  0.238862
3380.000000  0.238860
3390.000000  0.238855
3400.000000  0.238846
3410.000000  0.238834
3420.000000  0.238818
3430.000000  0.238798
3440.000000  0.238775
3450.000000  0.238748
3460.000000  0.238718
3470.000000  0.238684
3480.000000  0.238646
3490.000000  0.238605
3500.000000  0.238560
3510.000000  0.238511
3520.000000  0.238459
3530.000000  0.238403
3540.000000  0.238344
3550.000000  0.238281
3560.000000  0.238215
3570.000000  0.238144
3580.000000  0.238071
3590.000000  0.237993
3600.000000  0.238140
