6.101499999999999979e-02
6.203800000000000286e-02
6.299899999999999944e-02
6.362099999999999700e-02
6.442499999999999616e-02
6.518000000000000183e-02
6.582399999999999363e-02
6.638800000000000257e-02
6.726500000000000534e-02
6.764799999999999980e-02
6.848600000000000521e-02
6.889399999999999691e-02
6.951000000000000234e-02
6.965499999999999470e-02
7.022799999999999876e-02
7.090499999999999581e-02
7.151299999999999324e-02
7.220999999999999641e-02
7.274899999999999423e-02
7.314099999999999768e-02
7.374699999999999311e-02
7.394199999999999384e-02
7.393299999999999872e-02
7.382500000000000173e-02
7.352300000000000502e-02
7.352499999999999314e-02
7.285999999999999421e-02
7.243700000000000139e-02
7.156700000000000561e-02
7.127200000000000202e-02
7.094300000000000606e-02
7.077899999999999470e-02
7.066500000000000559e-02
7.034999999999999587e-02
7.016999999999999627e-02
7.056600000000000372e-02
7.076999999999999957e-02
7.103399999999999992e-02
7.156200000000000061e-02
7.208399999999999530e-02
7.270999999999999686e-02
7.365800000000000125e-02
7.448499999999999566e-02
7.541100000000000581e-02
7.646000000000000019e-02
7.768600000000000505e-02
7.881900000000000017e-02
8.001099999999999879e-02
8.144700000000000550e-02
8.257599999999999663e-02
8.404000000000000359e-02
8.511699999999999822e-02
8.638899999999999357e-02
8.801399999999999502e-02
8.896400000000000141e-02
8.987399999999999556e-02
9.122600000000000153e-02
9.213699999999999668e-02
9.374499999999999500e-02
9.429200000000000081e-02
9.527700000000000058e-02
9.643999999999999795e-02
9.746399999999999508e-02
9.825899999999999912e-02
9.895099999999999729e-02
1.001029999999999975e-01
1.010670000000000041e-01
1.021809999999999941e-01
1.032840000000000008e-01
1.044490000000000002e-01
1.059920000000000029e-01
1.068889999999999979e-01
1.081540000000000001e-01
1.087159999999999932e-01
1.104730000000000018e-01
1.110680000000000001e-01
1.119190000000000046e-01
1.137299999999999978e-01
1.146329999999999988e-01
1.166920000000000041e-01
1.168529999999999985e-01
1.190920000000000034e-01
1.196030000000000010e-01
1.212740000000000068e-01
1.225429999999999992e-01
1.232800000000000007e-01
1.248719999999999969e-01
1.258189999999999864e-01
1.272610000000000130e-01
1.280370000000000119e-01
1.290930000000000133e-01
1.298709999999999865e-01
1.309250000000000136e-01
1.319520000000000137e-01
1.326269999999999949e-01
1.332579999999999876e-01
1.341690000000000105e-01
1.343830000000000024e-01
1.350770000000000026e-01
1.364400000000000057e-01
1.367339999999999944e-01
1.369879999999999987e-01
1.379299999999999971e-01
1.376110000000000111e-01
1.383369999999999878e-01
1.383409999999999918e-01
1.387940000000000007e-01
1.396080000000000099e-01
1.395419999999999994e-01
1.398909999999999876e-01
1.397259999999999891e-01
1.400510000000000088e-01
1.398800000000000043e-01
1.404849999999999988e-01
1.406999999999999917e-01
1.405569999999999875e-01
1.416370000000000129e-01
1.412889999999999979e-01
1.410760000000000070e-01
1.415619999999999934e-01
1.419789999999999941e-01
1.422209999999999863e-01
1.422400000000000053e-01
1.426689999999999903e-01
1.425039999999999918e-01
1.424469999999999903e-01
1.431189999999999962e-01
1.425929999999999975e-01
1.438079999999999914e-01
1.437009999999999954e-01
1.432549999999999935e-01
1.443220000000000058e-01
1.442140000000000088e-01
1.447430000000000105e-01
1.447690000000000088e-01
1.454630000000000090e-01
1.458389999999999964e-01
1.462519999999999931e-01
1.464380000000000126e-01
1.468089999999999951e-01
1.474219999999999975e-01
1.481250000000000067e-01
1.484930000000000139e-01
1.489099999999999868e-01
1.497789999999999955e-01
1.504379999999999884e-01
1.507709999999999884e-01
1.517169999999999908e-01
1.516379999999999950e-01
1.527380000000000126e-01
1.536579999999999890e-01
1.545640000000000069e-01
1.552659999999999874e-01
1.562189999999999968e-01
1.569550000000000112e-01
1.580610000000000070e-01
1.584069999999999923e-01
1.597270000000000079e-01
1.604480000000000073e-01
1.614190000000000069e-01
1.626970000000000083e-01
1.634529999999999872e-01
1.645860000000000101e-01
1.659589999999999954e-01
1.673630000000000118e-01
1.688780000000000003e-01
1.696320000000000050e-01
1.704759999999999887e-01
1.718030000000000113e-01
1.728590000000000126e-01
1.738270000000000093e-01
1.750220000000000109e-01
1.762759999999999883e-01
1.774129999999999874e-01
1.780339999999999978e-01
1.794290000000000052e-01
1.804129999999999900e-01
1.812189999999999912e-01
1.824280000000000068e-01
1.833069999999999977e-01
1.851019999999999888e-01
1.862640000000000129e-01
1.875060000000000060e-01
1.889830000000000121e-01
1.904579999999999884e-01
1.915189999999999948e-01
1.927190000000000014e-01
1.936750000000000138e-01
1.943830000000000002e-01
1.956019999999999981e-01
1.969229999999999869e-01
1.972523442622950984e-01
1.979833278688524212e-01
1.989900813008129987e-01
1.995270000000000099e-01
2.006712222222221675e-01
2.012042834645669243e-01
2.019562677165354370e-01
2.026402558139534793e-01
2.039029689922480515e-01
2.045470000000000621e-01
2.074010650868917949e-01
2.074509299311504407e-01
2.075007947754090865e-01
2.075506596196677322e-01
2.076005244639263780e-01
2.076503893081850238e-01
2.077002541524436419e-01
2.077501189967022877e-01
2.077999838409609334e-01
2.078498486852195792e-01
2.078997135294782250e-01
2.079495783737368708e-01
2.079994432179955166e-01
2.080493080622541624e-01
2.080991729065128082e-01
2.081490377507714540e-01
2.081989025950300998e-01
2.082487674392887178e-01
2.082986322835473636e-01
2.083484971278060094e-01
2.083983619720646552e-01
2.084482268163233010e-01
2.084980916605819468e-01
2.085479565048405926e-01
2.085978213490992383e-01
2.086476861933578841e-01
2.086975510376165299e-01
2.087474158818751480e-01
2.087972807261337937e-01
2.088471455703924395e-01
2.088970104146510853e-01
2.089468752589097311e-01
2.089967401031683769e-01
2.090466049474270227e-01
2.090964697916856685e-01
2.091463346359443143e-01
2.091961994802029601e-01
2.092460643244615781e-01
2.092959291687202239e-01
2.093457940129788697e-01
2.093956588572375155e-01
2.094455237014961613e-01
2.094953885457548071e-01
2.095452533900134529e-01
2.095951182342720986e-01
2.096449830785307444e-01
2.096948479227893902e-01
2.097447127670480360e-01
2.097945776113066541e-01
2.098444424555652998e-01
2.098943072998239456e-01
2.099441721440825914e-01
2.099940369883412372e-01
2.100439018325998830e-01
2.100937666768585288e-01
2.101436315211171746e-01
2.101934963653758204e-01
2.102433612096344662e-01
2.102932260538931120e-01
2.103430908981517300e-01
2.103929557424103758e-01
2.104428205866690216e-01
2.104926854309276674e-01
2.105425502751863132e-01
2.105924151194449589e-01
2.106422799637036047e-01
2.106921448079622505e-01
2.107420096522208963e-01
2.107918744964795144e-01
2.108417393407381601e-01
2.108916041849968059e-01
2.109414690292554517e-01
2.109913338735140975e-01
2.110411987177727433e-01
2.110910635620313891e-01
2.111409284062900349e-01
2.111907932505486807e-01
2.112406580948073265e-01
2.112905229390659723e-01
2.113403877833245903e-01
2.113902526275832361e-01
2.114401174718418819e-01
2.114899823161005277e-01
2.115398471603591735e-01
2.115897120046178193e-01
2.116395768488764650e-01
2.116894416931351108e-01
2.117393065373937566e-01
2.117891713816524024e-01
2.118390362259110482e-01
2.118889010701696662e-01
2.119387659144283120e-01
2.119886307586869578e-01
2.120384956029456036e-01
2.120883604472042494e-01
2.121382252914628952e-01
2.121880901357215410e-01
2.122379549799801868e-01
2.122878198242388326e-01
2.129057349397590615e-01
