6.596299999999999386e-02
6.711499999999999411e-02
6.843200000000000671e-02
6.974700000000000344e-02
7.080500000000000682e-02
7.216300000000000492e-02
7.313000000000000056e-02
7.427300000000000568e-02
7.507900000000000684e-02
7.642999999999999794e-02
7.762900000000000356e-02
7.828699999999999548e-02
7.929500000000000437e-02
8.013599999999999890e-02
8.100400000000000655e-02
8.140400000000000413e-02
8.152500000000000024e-02
8.215699999999999392e-02
8.273500000000000298e-02
8.287600000000000522e-02
8.241099999999999814e-02
8.253499999999999726e-02
8.226200000000000179e-02
8.226200000000000179e-02
8.198700000000000432e-02
8.189499999999999558e-02
8.190300000000000358e-02
8.174099999999999422e-02
8.165899999999999548e-02
8.101899999999999380e-02
8.120299999999999740e-02
8.097999999999999643e-02
8.081299999999999595e-02
8.110100000000000642e-02
8.123400000000000065e-02
8.146000000000000463e-02
8.216099999999999792e-02
8.306700000000000195e-02
8.395199999999999885e-02
8.488099999999999812e-02
8.554699999999999804e-02
8.697900000000000076e-02
8.791699999999999515e-02
8.934400000000000674e-02
9.075099999999999834e-02
9.241299999999999515e-02
9.384399999999999686e-02
9.506699999999999873e-02
9.655400000000000094e-02
9.798900000000000665e-02
9.960299999999999709e-02
1.012590000000000018e-01
1.027249999999999969e-01
1.036340000000000039e-01
1.051480000000000053e-01
1.062329999999999941e-01
1.078270000000000062e-01
1.087820000000000037e-01
1.098279999999999951e-01
1.110020000000000034e-01
1.124160000000000020e-01
1.134119999999999989e-01
1.146270000000000067e-01
1.156630000000000019e-01
1.165629999999999999e-01
1.174609999999999960e-01
1.187799999999999967e-01
1.198059999999999958e-01
1.209650000000000031e-01
1.219419999999999948e-01
1.231339999999999935e-01
1.242869999999999947e-01
1.254049999999999887e-01
1.264810000000000101e-01
1.278549999999999964e-01
1.282979999999999954e-01
1.301720000000000099e-01
1.309400000000000008e-01
1.324760000000000104e-01
1.335659999999999903e-01
1.346160000000000134e-01
1.355520000000000058e-01
1.366829999999999989e-01
1.376439999999999886e-01
1.385530000000000095e-01
1.397950000000000026e-01
1.408550000000000080e-01
1.415119999999999989e-01
1.424340000000000050e-01
1.434340000000000059e-01
1.441590000000000094e-01
1.451820000000000055e-01
1.458049999999999902e-01
1.467209999999999903e-01
1.476550000000000085e-01
1.484250000000000014e-01
1.492380000000000095e-01
1.497539999999999982e-01
1.506989999999999996e-01
1.513369999999999993e-01
1.523390000000000022e-01
1.524890000000000134e-01
1.537219999999999975e-01
1.541410000000000002e-01
1.544349999999999890e-01
1.553980000000000083e-01
1.556039999999999923e-01
1.561390000000000000e-01
1.566720000000000057e-01
1.572850000000000081e-01
1.579810000000000103e-01
1.587099999999999900e-01
1.592349999999999877e-01
1.598009999999999986e-01
1.601970000000000061e-01
1.608040000000000025e-01
1.610810000000000020e-01
1.618709999999999871e-01
1.622939999999999938e-01
1.626519999999999910e-01
1.634200000000000097e-01
1.640689999999999926e-01
1.646390000000000076e-01
1.648610000000000075e-01
1.652830000000000132e-01
1.660760000000000014e-01
1.662549999999999861e-01
1.659740000000000104e-01
1.674740000000000117e-01
1.674559999999999937e-01
1.679279999999999939e-01
1.687939999999999996e-01
1.695770000000000055e-01
1.696999999999999897e-01
1.705959999999999976e-01
1.709980000000000111e-01
1.712450000000000083e-01
1.720039999999999902e-01
1.724410000000000109e-01
1.731520000000000004e-01
1.739090000000000080e-01
1.746929999999999872e-01
1.756749999999999978e-01
1.760390000000000288e-01
1.767630000000000035e-01
1.773379999999999956e-01
1.787239999999999940e-01
1.791510000000000047e-01
1.801540000000000086e-01
1.808009999999999895e-01
1.814399999999999902e-01
1.822900000000000076e-01
1.832310000000000050e-01
1.840140000000000109e-01
1.846599999999999908e-01
1.852699999999999902e-01
1.864349999999999896e-01
1.873319999999999985e-01
1.882359999999999867e-01
1.892220000000000013e-01
1.904099999999999959e-01
1.914289999999999881e-01
1.925479999999999969e-01
1.934539999999999871e-01
1.944190000000000085e-01
1.954519999999999869e-01
1.965510000000000035e-01
1.978820000000000023e-01
1.990200000000000025e-01
2.000319999999999876e-01
2.011660000000000115e-01
2.021979999999999889e-01
2.026870000000000061e-01
2.035649999999999959e-01
2.044060000000000044e-01
2.058000000000000107e-01
2.065210000000000101e-01
2.073180000000000023e-01
2.085509999999999864e-01
2.098260000000000125e-01
2.108460000000000056e-01
2.118029999999999913e-01
2.130710000000000104e-01
2.142030000000000045e-01
2.151480000000000059e-01
2.170390000000000097e-01
2.171690000000000009e-01
2.181450000000000056e-01
2.185570000000000013e-01
2.198539999999999939e-01
2.200830000000000009e-01
2.207008852459016179e-01
2.213252131147541435e-01
2.219651707317072953e-01
2.224720000000000031e-01
2.233434761904762034e-01
2.240766062992126106e-01
2.245672913385826364e-01
2.255535426356589379e-01
2.261274108527131788e-01
2.271560000000000523e-01
2.291642349400831724e-01
2.292424247083800770e-01
2.293206144766769816e-01
2.293988042449738862e-01
2.294769940132707908e-01
2.295551837815676954e-01
2.296333735498645723e-01
2.297115633181614769e-01
2.297897530864583815e-01
2.298679428547552861e-01
2.299461326230521907e-01
2.300243223913490953e-01
2.301025121596459722e-01
2.301807019279428768e-01
2.302588916962397814e-01
2.303370814645366860e-01
2.304152712328335906e-01
2.304934610011304952e-01
2.305716507694273720e-01
2.306498405377242766e-01
2.307280303060211812e-01
2.308062200743180858e-01
2.308844098426149904e-01
2.309625996109118951e-01
2.310407893792087997e-01
2.311189791475056765e-01
2.311971689158025811e-01
2.312753586840994857e-01
2.313535484523963903e-01
2.314317382206932949e-01
2.315099279889901995e-01
2.315881177572871041e-01
2.316663075255839810e-01
2.317444972938808856e-01
2.318226870621777902e-01
2.319008768304746948e-01
2.319790665987715994e-01
2.320572563670684763e-01
2.321354461353653809e-01
2.322136359036622855e-01
2.322918256719591901e-01
2.323700154402560947e-01
2.324482052085529993e-01
2.325263949768499039e-01
2.326045847451467807e-01
2.326827745134436853e-01
2.327609642817405899e-01
2.328391540500374945e-01
2.329173438183343992e-01
2.329955335866313038e-01
2.330737233549282084e-01
2.331519131232250852e-01
2.332301028915219898e-01
2.333082926598188944e-01
2.333864824281157990e-01
2.334646721964127036e-01
2.335428619647095805e-01
2.336210517330064851e-01
2.336992415013033897e-01
2.337774312696002943e-01
2.338556210378971989e-01
2.339338108061941035e-01
2.340120005744910081e-01
2.340901903427878850e-01
2.341683801110847896e-01
2.342465698793816942e-01
2.343247596476785988e-01
2.344029494159755034e-01
2.344811391842724080e-01
2.345593289525693126e-01
2.346375187208661894e-01
2.347157084891630940e-01
2.347938982574599986e-01
2.348720880257569033e-01
2.349502777940538079e-01
2.350284675623507125e-01
2.351066573306475893e-01
2.351848470989444939e-01
2.352630368672413985e-01
2.353412266355383031e-01
2.354194164038352077e-01
2.354976061721321123e-01
2.355757959404289892e-01
2.356539857087258938e-01
2.357321754770227984e-01
2.358103652453197030e-01
2.358885550136166076e-01
2.359667447819135122e-01
2.360449345502104168e-01
2.361231243185072937e-01
2.362013140868041983e-01
2.362795038551011029e-01
2.363576936233980075e-01
2.364358833916949121e-01
2.365140731599918167e-01
2.365922629282887213e-01
2.366704526965855981e-01
2.367486424648825027e-01
2.368268322331794073e-01
2.381400843373494003e-01
