600.000000  0.237338
610.000000  0.238008
620.000000  0.239485
630.000000  0.240073
640.000000  0.240044
650.000000  0.241015
660.000000  0.241126
670.000000  0.241327
680.000000  0.241431
690.000000  0.241207
700.000000  0.241088
710.000000  0.240579
720.000000  0.240376
730.000000  0.239928
740.000000  0.239771
750.000000  0.238538
760.000000  0.237155
770.000000  0.234879
780.000000  0.233615
790.000000  0.231511
800.000000  0.229890
810.000000  0.227845
820.000000  0.225986
830.000000  0.223691
840.000000  0.221665
850.000000  0.219436
860.000000  0.217642
870.000000  0.214752
880.000000  0.212471
890.000000  0.211120
900.000000  0.208972
910.000000  0.207783
920.000000  0.206360
930.000000  0.205464
940.000000  0.204818
950.000000  0.204346
960.000000  0.204281
970.000000  0.204250
980.000000  0.204051
990.000000  0.204595
1000.000000  0.204842
1010.000000  0.205344
1020.000000  0.205673
1030.000000  0.206412
1040.000000  0.207018
1050.000000  0.207437
1060.000000  0.207979
1070.000000  0.208146
1080.000000  0.208817
1090.000000  0.208887
1100.000000  0.209588
1110.000000  0.210442
1120.000000  0.210383
1130.000000  0.211518
1140.000000  0.212417
1150.000000  0.212698
1160.000000  0.213312
1170.000000  0.213987
1180.000000  0.214858
1190.000000  0.215344
1200.000000  0.216605
1210.000000  0.217693
1220.000000  0.218013
1230.000000  0.218741
1240.000000  0.219427
1250.000000  0.220522
1260.000000  0.221624
1270.000000  0.222485
1280.000000  0.223144
1290.000000  0.224144
1300.000000  0.224961
1310.000000  0.226312
1320.000000  0.226756
1330.000000  0.228214
1340.000000  0.229447
1350.000000  0.230278
1360.000000  0.230929
1370.000000  0.232387
1380.000000  0.233363
1390.000000  0.234699
1400.000000  0.235251
1410.000000  0.236568
1420.000000  0.237032
1430.000000  0.238483
1440.000000  0.239130
1450.000000  0.240082
1460.000000  0.240823
1470.000000  0.241731
1480.000000  0.242486
1490.000000  0.243238
1500.000000  0.243993
1510.000000  0.244421
1520.000000  0.244976
1530.000000  0.245173
1540.000000  0.245816
1550.000000  0.246497
1560.000000  0.246521
1570.000000  0.246825
1580.000000  0.247571
1590.000000  0.247626
1600.000000  0.247965
1610.000000  0.247444
1620.000000  0.248033
1630.000000  0.247571
1640.000000  0.247497
1650.000000  0.247671
1660.000000  0.246648
1670.000000  0.246817
1680.000000  0.246989
1690.000000  0.247032
1700.000000  0.247473
1710.000000  0.247123
1720.000000  0.247320
1730.000000  0.246958
1740.000000  0.247223
1750.000000  0.247108
1760.000000  0.246975
1770.000000  0.247125
1780.000000  0.247404
1790.000000  0.247241
1800.000000  0.247550
1810.000000  0.247633
1820.000000  0.248213
1830.000000  0.248294
1840.000000  0.248954
1850.000000  0.248535
1860.000000  0.249299
1870.000000  0.250024
1880.000000  0.249909
1890.000000  0.249775
1900.000000  0.250349
1910.000000  0.250945
1920.000000  0.251644
1930.000000  0.251329
1940.000000  0.251702
1950.000000  0.251998
1960.000000  0.252290
1970.000000  0.252864
1980.000000  0.253188
1990.000000  0.254150
2000.000000  0.254389
2010.000000  0.255286
2020.000000  0.255621
2030.000000  0.256512
2040.000000  0.257252
2050.000000  0.257024
2060.000000  0.257601
2070.000000  0.258360
2080.000000  0.259276
2090.000000  0.259621
2100.000000  0.260482
2110.000000  0.261083
2120.000000  0.261907
2130.000000  0.262136
2140.000000  0.262893
2150.000000  0.263398
2160.000000  0.263984
2170.000000  0.264382
2180.000000  0.265451
2190.000000  0.266282
2200.000000  0.266984
2210.000000  0.267695
2220.000000  0.268485
2230.000000  0.269174
2240.000000  0.269854
2250.000000  0.270546
2260.000000  0.271690
2270.000000  0.272640
2280.000000  0.273452
2290.000000  0.274162
2300.000000  0.274167
2310.000000  0.275700
2320.000000  0.275292
2330.000000  0.276459
2340.000000  0.276692
2350.000000  0.277226
2360.000000  0.277710
2370.000000  0.278143
2380.000000  0.279130
2390.000000  0.279560
2400.000000  0.280142
2410.000000  0.280965
2420.000000  0.281704
2430.000000  0.281678
2440.000000  0.282122
2450.000000  0.283067
2460.000000  0.283477
2470.000000  0.283511
2480.000000  0.284819
2490.000000  0.285162
2500.000000  0.285818
2510.000000  0.286186
2520.000000  0.286523
2530.000000  0.286531
2540.000000  0.286487
2550.000000  0.287282
2560.000000  0.287482
2570.000000  0.287582
2580.000000  0.287682
2590.000000  0.287683
2600.000000  0.288260
2610.000000  0.288410
2620.000000  0.288147
2630.000000  0.288603
2640.000000  0.289280
2650.000000  0.289112
2660.000000  0.288914
2670.000000  0.288611
2680.000000  0.288717
2690.000000  0.288797
2700.000000  0.288875
2710.000000  0.288953
2720.000000  0.289029
2730.000000  0.289104
2740.000000  0.289179
2750.000000  0.289252
2760.000000  0.289323
2770.000000  0.289394
2780.000000  0.289464
2790.000000  0.289532
2800.000000  0.289600
2810.000000  0.289666
2820.000000  0.289731
2830.000000  0.289795
2840.000000  0.289858
2850.000000  0.289920
2860.000000  0.289980
2870.000000  0.290040
2880.000000  0.290098
2890.000000  0.290155
2900.000000  0.290212
2910.000000  0.290267
2920.000000  0.290320
2930.000000  0.290373
2940.000000  0.290425
2950.000000  0.290475
2960.000000  0.290525
2970.000000  0.290573
2980.000000  0.290620
2990.000000  0.290666
3000.000000  0.290711
3010.000000  0.290755
3020.000000  0.290797
3030.000000  0.290839
3040.000000  0.290879
3050.000000  0.290918
3060.000000  0.290956
3070.000000  0.290993
3080.000000  0.291029
3090.000000  0.291064
3100.000000  0.291098
3110.000000  0.291130
3120.000000  0.291161
3130.000000  0.291192
3140.000000  0.291221
3150.000000  0.291249
3160.000000  0.291276
3170.000000  0.291301
3180.000000  0.291326
3190.000000  0.291350
3200.000000  0.291372
3210.000000  0.291393
3220.000000  0.291413
3230.000000  0.291432
3240.000000  0.291450
3250.000000  0.291467
3260.000000  0.291482
3270.000000  0.291497
3280.000000  0.291510
3290.000000  0.291522
3300.000000  0.291534
3310.000000  0.291544
3320.000000  0.291552
3330.000000  0.291560
3340.000000  0.291567
3350.000000  0.291572
3360.000000  0.291577
3370.000000  0.291580
3380.000000  0.291582
3390.000000  0.291583
3400.000000  0.291583
3410.000000  0.291581
3420.000000  0.291579
3430.000000  0.291575
3440.000000  0.291571
3450.000000  0.291565
3460.000000  0.291558
3470.000000  0.291550
3480.000000  0.291541
3490.000000  0.291531
3500.000000  0.291519
3510.000000  0.291507
3520.000000  0.291493
3530.000000  0.291478
3540.000000  0.291462
3550.000000  0.291445
3560.000000  0.291427
3570.000000  0.291408
3580.000000  0.291388
3590.000000  0.291366
3600.000000  0.291459
