2.373379999999999934e-01
2.380079999999999973e-01
2.394850000000000034e-01
2.400730000000000086e-01
2.400440000000000074e-01
2.410150000000000070e-01
2.411260000000000070e-01
2.413270000000000137e-01
2.414310000000000067e-01
2.412070000000000047e-01
2.410879999999999967e-01
2.405789999999999873e-01
2.403760000000000063e-01
2.399280000000000024e-01
2.397710000000000119e-01
2.385380000000000000e-01
2.371550000000000047e-01
2.348790000000000044e-01
2.336149999999999893e-01
2.315109999999999946e-01
2.298900000000000110e-01
2.278449999999999920e-01
2.259859999999999924e-01
2.236910000000000009e-01
2.216650000000000009e-01
2.194359999999999922e-01
2.176420000000000021e-01
2.147519999999999984e-01
2.124709999999999932e-01
2.111200000000000021e-01
2.089719999999999911e-01
2.077829999999999955e-01
2.063599999999999879e-01
2.054640000000000077e-01
2.048180000000000001e-01
2.043459999999999999e-01
2.042809999999999904e-01
2.042499999999999871e-01
2.040510000000000101e-01
2.045949999999999991e-01
2.048419999999999963e-01
2.053439999999999988e-01
2.056729999999999947e-01
2.064120000000000121e-01
2.070180000000000076e-01
2.074370000000000103e-01
2.079789999999999972e-01
2.081459999999999977e-01
2.088170000000000026e-01
2.088869999999999894e-01
2.095879999999999965e-01
2.104419999999999902e-01
2.103829999999999867e-01
2.115180000000000116e-01
2.124169999999999947e-01
2.126979999999999982e-01
2.133120000000000016e-01
2.139870000000000105e-01
2.148579999999999934e-01
2.153440000000000076e-01
2.166049999999999920e-01
2.176929999999999976e-01
2.180130000000000123e-01
2.187409999999999910e-01
2.194270000000000109e-01
2.205219999999999958e-01
2.216239999999999877e-01
2.224849999999999883e-01
2.231440000000000090e-01
2.241440000000000099e-01
2.249609999999999943e-01
2.263120000000000132e-01
2.267560000000000131e-01
2.282140000000000002e-01
2.294470000000000121e-01
2.302780000000000105e-01
2.309289999999999954e-01
2.323870000000000102e-01
2.333629999999999871e-01
2.346989999999999910e-01
2.352509999999999879e-01
2.365680000000000005e-01
2.370319999999999927e-01
2.384830000000000005e-01
2.391300000000000092e-01
2.400819999999999899e-01
2.408230000000000093e-01
2.417310000000000014e-01
2.424860000000000071e-01
2.432380000000000098e-01
2.439929999999999877e-01
2.444209999999999994e-01
2.449759999999999993e-01
2.451730000000000020e-01
2.458160000000000067e-01
2.464969999999999939e-01
2.465209999999999901e-01
2.468249999999999889e-01
2.475710000000000133e-01
2.476260000000000128e-01
2.479649999999999910e-01
2.474439999999999973e-01
2.480330000000000035e-01
2.475710000000000133e-01
2.474969999999999948e-01
2.476710000000000023e-01
2.466480000000000061e-01
2.468170000000000086e-01
2.469889999999999863e-01
2.470320000000000016e-01
2.474729999999999985e-01
2.471230000000000093e-01
2.473200000000000121e-01
2.469580000000000108e-01
2.472229999999999983e-01
2.471079999999999943e-01
2.469750000000000001e-01
2.471250000000000113e-01
2.474040000000000128e-01
2.472409999999999886e-01
2.475499999999999923e-01
2.476329999999999920e-01
2.482129999999999892e-01
2.482939999999999869e-01
2.489540000000000086e-01
2.485350000000000059e-01
2.492989999999999928e-01
2.500240000000000240e-01
2.499089999999999923e-01
2.497749999999999970e-01
2.503489999999999882e-01
2.509449999999999736e-01
2.516439999999999788e-01
2.513290000000000246e-01
2.517019999999999813e-01
2.519979999999999998e-01
2.522900000000000142e-01
2.528639999999999777e-01
2.531880000000000241e-01
2.541499999999999870e-01
2.543889999999999763e-01
2.552860000000000684e-01
2.556209999999999871e-01
2.565120000000000178e-01
2.572519999999999807e-01
2.570239999999999747e-01
2.576010000000000244e-01
2.583599999999999786e-01
2.592760000000000065e-01
2.596209999999999907e-01
2.604819999999999913e-01
2.610830000000000095e-01
2.619070000000000009e-01
2.621359999999999801e-01
2.628929999999999878e-01
2.633980000000000210e-01
2.639839999999999964e-01
2.643820000000000059e-01
2.654509999999999925e-01
2.662820000000000187e-01
2.669839999999999991e-01
2.676950000000000163e-01
2.684849999999999737e-01
2.691740000000000244e-01
2.698539999999999828e-01
2.705460000000000087e-01
2.716899999999999871e-01
2.726399999999999935e-01
2.734519999999999729e-01
2.741620000000000168e-01
2.741669999999999940e-01
2.757000000000000006e-01
2.752919999999999812e-01
2.764590000000000103e-01
2.766919999999999935e-01
2.772259999999999724e-01
2.777100000000000124e-01
2.781429999999999736e-01
2.791299999999999892e-01
2.795599999999999752e-01
2.801420000000000021e-01
2.809650000000000203e-01
2.817040000000000100e-01
2.816779999999999839e-01
2.821219999999999839e-01
2.830670000000000130e-01
2.834769999999999790e-01
2.835110000000000130e-01
2.848189999999999888e-01
2.851620000000000266e-01
2.858180000000000165e-01
2.861862459016393245e-01
2.865226065573771019e-01
2.865310162601625854e-01
2.864869999999999917e-01
2.872821349206349240e-01
2.874822440944881929e-01
2.875823622047243844e-01
2.876816976744185905e-01
2.876828914728682407e-01
2.882601000000000191e-01
2.888686869835370707e-01
2.888773116488875803e-01
2.888859363142381453e-01
2.888945609795886549e-01
2.889031856449392199e-01
2.889118103102897295e-01
2.889204349756402945e-01
2.889290596409908041e-01
2.889376843063413691e-01
2.889463089716918787e-01
2.889549336370424437e-01
2.889635583023929533e-01
2.889721829677435183e-01
2.889808076330940279e-01
2.889894322984445929e-01
2.889980569637951024e-01
2.890066816291456120e-01
2.890153062944961770e-01
2.890239309598466866e-01
2.890325556251972516e-01
2.890411802905477612e-01
2.890498049558983262e-01
2.890584296212488358e-01
2.890670542865994008e-01
2.890756789519499104e-01
2.890843036173004754e-01
2.890929282826509850e-01
2.891015529480015500e-01
2.891101776133520596e-01
2.891188022787026246e-01
2.891274269440531342e-01
2.891360516094036992e-01
2.891446762747542087e-01
2.891533009401047738e-01
2.891619256054552833e-01
2.891705502708058484e-01
2.891791749361563579e-01
2.891877996015069230e-01
2.891964242668574325e-01
2.892050489322079976e-01
2.892136735975585071e-01
2.892222982629090722e-01
2.892309229282595817e-01
2.892395475936101468e-01
2.892481722589606563e-01
2.892567969243112214e-01
2.892654215896617309e-01
2.892740462550122960e-01
2.892826709203628055e-01
2.892912955857133706e-01
2.892999202510638801e-01
2.893085449164143896e-01
2.893171695817649547e-01
2.893257942471154642e-01
2.893344189124660293e-01
2.893430435778165388e-01
2.893516682431671039e-01
2.893602929085176134e-01
2.893689175738681785e-01
2.893775422392186880e-01
2.893861669045692531e-01
2.893947915699197626e-01
2.894034162352703277e-01
2.894120409006208372e-01
2.894206655659714023e-01
2.894292902313219118e-01
2.894379148966724768e-01
2.894465395620229864e-01
2.894551642273735514e-01
2.894637888927240610e-01
2.894724135580746260e-01
2.894810382234251356e-01
2.894896628887757006e-01
2.894982875541262102e-01
2.895069122194767752e-01
2.895155368848272848e-01
2.895241615501778498e-01
2.895327862155283594e-01
2.895414108808789244e-01
2.895500355462294340e-01
2.895586602115799990e-01
2.895672848769305086e-01
2.895759095422810736e-01
2.895845342076315831e-01
2.895931588729821482e-01
2.896017835383326577e-01
2.896104082036831673e-01
2.896190328690337323e-01
2.896276575343842419e-01
2.896362821997348069e-01
2.896449068650853165e-01
2.896535315304358815e-01
2.896621561957863911e-01
2.896707808611369561e-01
2.896794055264874657e-01
2.896880301918380307e-01
2.896966548571885403e-01
2.897052795225391053e-01
2.897139041878896148e-01
2.914586506024096635e-01
