3.659780000000000255e-01
3.669339999999999824e-01
3.692520000000000246e-01
3.705399999999999805e-01
3.712019999999999764e-01
3.729770000000000030e-01
3.746260000000000145e-01
3.759399999999999964e-01
3.764210000000000056e-01
3.768639999999999768e-01
3.783159999999999856e-01
3.763830000000000231e-01
3.771079999999999988e-01
3.772539999999999782e-01
3.777599999999999847e-01
3.777280000000000082e-01
3.771780000000000133e-01
3.769109999999999960e-01
3.757530000000000037e-01
3.746419999999999750e-01
3.741650000000000253e-01
3.722500000000000253e-01
3.705370000000000053e-01
3.690249999999999919e-01
3.665649999999999742e-01
3.652569999999999983e-01
3.634040000000000048e-01
3.616460000000000230e-01
3.599640000000000062e-01
3.578680000000000194e-01
3.574550000000000227e-01
3.556989999999999874e-01
3.541009999999999991e-01
3.539829999999999921e-01
3.525329999999999853e-01
3.519149999999999778e-01
3.509309999999999929e-01
3.504929999999999990e-01
3.500840000000000063e-01
3.502680000000000238e-01
3.504950000000000010e-01
3.503890000000000060e-01
3.511150000000000104e-01
3.515070000000000139e-01
3.508240000000000247e-01
3.526770000000000183e-01
3.531070000000000042e-01
3.542730000000000046e-01
3.555579999999999852e-01
3.555570000000000119e-01
3.571920000000000095e-01
3.588640000000000163e-01
3.614160000000000150e-01
3.618709999999999982e-01
3.621300000000000074e-01
3.629189999999999916e-01
3.635820000000000163e-01
3.647639999999999771e-01
3.665109999999999757e-01
3.670359999999999734e-01
3.683159999999999767e-01
3.693799999999999861e-01
3.704479999999999995e-01
3.710220000000000184e-01
3.723830000000000195e-01
3.737039999999999806e-01
3.740490000000000204e-01
3.754080000000000195e-01
3.762460000000000249e-01
3.773799999999999932e-01
3.780990000000000184e-01
3.796269999999999922e-01
3.806519999999999904e-01
3.830359999999999876e-01
3.843550000000000022e-01
3.855469999999999731e-01
3.880509999999999793e-01
3.891760000000000219e-01
3.914819999999999967e-01
3.915989999999999749e-01
3.935190000000000077e-01
3.953659999999999952e-01
3.968470000000000053e-01
3.969719999999999915e-01
3.979840000000000044e-01
4.003240000000000132e-01
4.013369999999999993e-01
4.026939999999999964e-01
4.032740000000000213e-01
4.045369999999999799e-01
4.063249999999999917e-01
4.068169999999999842e-01
4.070900000000000074e-01
4.092100000000000182e-01
4.098620000000000041e-01
4.098669999999999813e-01
4.109880000000000200e-01
4.122819999999999818e-01
4.119789999999999841e-01
4.126719999999999833e-01
4.131130000000000080e-01
4.143260000000000276e-01
4.142930000000000224e-01
4.136279999999999957e-01
4.146679999999999811e-01
4.145750000000000268e-01
4.147850000000000148e-01
4.150630000000000153e-01
4.147399999999999975e-01
4.156719999999999859e-01
4.162600000000000189e-01
4.159550000000000192e-01
4.153649999999999842e-01
4.164200000000000124e-01
4.158669999999999867e-01
4.161400000000000099e-01
4.149519999999999875e-01
4.162370000000000236e-01
4.160200000000000009e-01
4.161969999999999836e-01
4.165940000000000198e-01
4.167299999999999893e-01
4.179559999999999942e-01
4.179880000000000262e-01
4.190550000000000108e-01
4.187069999999999959e-01
4.179459999999999842e-01
4.196750000000000203e-01
4.172460000000000058e-01
4.187500000000000111e-01
4.194370000000000043e-01
4.188350000000000128e-01
4.184649999999999759e-01
4.191900000000000071e-01
4.196400000000000130e-01
4.197210000000000107e-01
4.195559999999999845e-01
4.207679999999999754e-01
4.214530000000000221e-01
4.216730000000000200e-01
4.218540000000000068e-01
4.222190000000000110e-01
4.227500000000000147e-01
4.236670000000000713e-01
4.230670000000000264e-01
4.241900000000000115e-01
4.249560000000000004e-01
4.249379999999999824e-01
4.257340000000000013e-01
4.263830000000000120e-01
4.265220000000000122e-01
4.274350000000000094e-01
4.280820000000000181e-01
4.289910000000000112e-01
4.287949999999999817e-01
4.293150000000000022e-01
4.307579999999999742e-01
4.320049999999999724e-01
4.326909999999999923e-01
4.329459999999999975e-01
4.333520000000000150e-01
4.350539999999999963e-01
4.353279999999999927e-01
4.359899999999999887e-01
4.355629999999999780e-01
4.365680000000000116e-01
4.378540000000000210e-01
4.388610000000000011e-01
4.391459999999999808e-01
4.409330000000000194e-01
4.405529999999999724e-01
4.412619999999999876e-01
4.422780000000000045e-01
4.425899999999999834e-01
4.417949999999999933e-01
4.432699999999999974e-01
4.428300000000000014e-01
4.444290000000000185e-01
4.442599999999999882e-01
4.449739999999999807e-01
4.459290000000000198e-01
4.473349999999999826e-01
4.466689999999999827e-01
4.470890000000000142e-01
4.478880000000000083e-01
4.493860000000000077e-01
4.483719999999999928e-01
4.489659999999999762e-01
4.506189999999999918e-01
4.513240000000000030e-01
4.513429999999999942e-01
4.520251967213114730e-01
4.522673606557376935e-01
4.521400650406504074e-01
4.530290000000000150e-01
4.529931904761904660e-01
4.530911889763779565e-01
4.528635905511810833e-01
4.530938062015503753e-01
4.536915891472868001e-01
4.539596000000000187e-01
4.538639624842684128e-01
4.537711998783995337e-01
4.536784372725307102e-01
4.535856746666618866e-01
4.534929120607930630e-01
4.534001494549241840e-01
4.533073868490553604e-01
4.532146242431865368e-01
4.531218616373176578e-01
4.530290990314488342e-01
4.529363364255800106e-01
4.528435738197111871e-01
4.527508112138423080e-01
4.526580486079734844e-01
4.525652860021046608e-01
4.524725233962357818e-01
4.523797607903669582e-01
4.522869981844981346e-01
4.521942355786292556e-01
4.521014729727604320e-01
4.520087103668916084e-01
4.519159477610227293e-01
4.518231851551539058e-01
4.517304225492850822e-01
4.516376599434162586e-01
4.515448973375473796e-01
4.514521347316785560e-01
4.513593721258097324e-01
4.512666095199408534e-01
4.511738469140720298e-01
4.510810843082032062e-01
4.509883217023343827e-01
4.508955590964655036e-01
4.508027964905966800e-01
4.507100338847278564e-01
4.506172712788589774e-01
4.505245086729901538e-01
4.504317460671213302e-01
4.503389834612524512e-01
4.502462208553836276e-01
4.501534582495148040e-01
4.500606956436459249e-01
4.499679330377771014e-01
4.498751704319082778e-01
4.497824078260394542e-01
4.496896452201705752e-01
4.495968826143017516e-01
4.495041200084329280e-01
4.494113574025640490e-01
4.493185947966952254e-01
4.492258321908264018e-01
4.491330695849575783e-01
4.490403069790886992e-01
4.489475443732198756e-01
4.488547817673510520e-01
4.487620191614821730e-01
4.486692565556133494e-01
4.485764939497445258e-01
4.484837313438756468e-01
4.483909687380068232e-01
4.482982061321379996e-01
4.482054435262691205e-01
4.481126809204002970e-01
4.480199183145314734e-01
4.479271557086626498e-01
4.478343931027937708e-01
4.477416304969249472e-01
4.476488678910561236e-01
4.475561052851872446e-01
4.474633426793184210e-01
4.473705800734495974e-01
4.472778174675807739e-01
4.471850548617118948e-01
4.470922922558430712e-01
4.469995296499742476e-01
4.469067670441053686e-01
4.468140044382365450e-01
4.467212418323677214e-01
4.466284792264988424e-01
4.465357166206300188e-01
4.464429540147611952e-01
4.463501914088923161e-01
4.462574288030234926e-01
4.461646661971546690e-01
4.460719035912858454e-01
4.459791409854169664e-01
4.458863783795481428e-01
4.457936157736793192e-01
4.457008531678104402e-01
4.456080905619416166e-01
4.455153279560727930e-01
4.454225653502039695e-01
4.453298027443350904e-01
4.452370401384662668e-01
4.451442775325974432e-01
4.450515149267285642e-01
4.449587523208597406e-01
4.448659897149909170e-01
4.447732271091220380e-01
4.482356626506023844e-01
