2.676620000000000110e-01
2.701850000000000085e-01
2.732169999999999876e-01
2.759440000000000226e-01
2.785239999999999938e-01
2.819909999999999917e-01
2.844430000000000014e-01
2.871819999999999928e-01
2.897410000000000263e-01
2.931300000000000017e-01
2.958790000000000031e-01
2.985619999999999941e-01
3.019049999999999789e-01
3.044669999999999876e-01
3.070419999999999816e-01
3.102860000000000062e-01
3.124899999999999900e-01
3.150450000000000195e-01
3.179560000000000164e-01
3.192510000000000070e-01
3.204119999999999746e-01
3.218349999999999822e-01
3.233280000000000043e-01
3.254190000000000138e-01
3.258860000000000090e-01
3.268630000000000146e-01
3.272410000000000041e-01
3.281689999999999885e-01
3.277789999999999870e-01
3.274509999999999921e-01
3.277769999999999850e-01
3.272309999999999941e-01
3.272649999999999726e-01
3.275100000000000233e-01
3.262900000000000245e-01
3.257329999999999948e-01
3.254739999999999855e-01
3.258889999999999842e-01
3.250270000000000103e-01
3.254719999999999835e-01
3.240970000000000240e-01
3.240109999999999935e-01
3.239400000000000057e-01
3.238380000000000147e-01
3.237269999999999870e-01
3.237050000000000205e-01
3.240279999999999827e-01
3.241559999999999997e-01
3.242559999999999887e-01
3.253420000000000201e-01
3.257550000000000168e-01
3.261970000000000147e-01
3.279730000000000145e-01
3.285440000000000027e-01
3.283249999999999780e-01
3.290170000000000039e-01
3.294699999999999851e-01
3.297010000000000218e-01
3.298360000000000181e-01
3.300159999999999760e-01
3.304070000000000062e-01
3.302720000000000100e-01
3.310549999999999882e-01
3.305219999999999825e-01
3.304400000000000115e-01
3.304019999999999735e-01
3.305699999999999750e-01
3.311490000000000267e-01
3.312720000000000109e-01
3.310449999999999782e-01
3.315040000000000209e-01
3.316230000000000011e-01
3.318650000000000211e-01
3.331339999999999857e-01
3.334949999999999859e-01
3.344389999999999863e-01
3.359010000000000051e-01
3.361399999999999944e-01
3.364849999999999786e-01
3.370589999999999975e-01
3.371239999999999792e-01
3.390420000000000100e-01
3.395630000000000037e-01
3.396810000000000107e-01
3.409409999999999941e-01
3.407549999999999746e-01
3.407479999999999953e-01
3.415290000000000270e-01
3.420400000000000107e-01
3.428550000000000209e-01
3.435929999999999818e-01
3.439440000000000275e-01
3.440920000000000090e-01
3.447230000000000016e-01
3.462620000000000142e-01
3.469269999999999854e-01
3.464590000000000169e-01
3.471569999999999934e-01
3.478870000000000018e-01
3.484929999999999972e-01
3.485460000000000225e-01
3.488010000000000277e-01
3.493060000000000054e-01
3.498589999999999756e-01
3.506110000000000060e-01
3.506179999999999852e-01
3.511009999999999964e-01
3.517250000000000099e-01
3.518109999999999848e-01
3.518100000000000116e-01
3.535470000000000002e-01
3.528789999999999982e-01
3.531360000000000054e-01
3.533419999999999894e-01
3.531270000000000242e-01
3.534379999999999744e-01
3.528990000000000182e-01
3.531770000000000187e-01
3.531299999999999994e-01
3.532629999999999937e-01
3.532970000000000277e-01
3.531630000000000047e-01
3.527739999999999765e-01
3.534849999999999937e-01
3.533499999999999974e-01
3.542120000000000268e-01
3.542879999999999918e-01
3.538350000000000106e-01
3.559109999999999774e-01
3.543640000000000123e-01
3.552520000000000122e-01
3.551659999999999817e-01
3.550150000000000250e-01
3.554470000000000129e-01
3.557339999999999947e-01
3.559829999999999939e-01
3.559510000000000174e-01
3.564359999999999751e-01
3.569069999999999743e-01
3.571520000000000250e-01
3.574330000000000007e-01
3.578430000000000222e-01
3.578899999999999859e-01
3.584849999999999981e-01
3.584789999999999921e-01
3.583899999999999864e-01
3.587250000000000161e-01
3.590400000000000258e-01
3.586940000000000128e-01
3.599379999999999802e-01
3.597080000000000277e-01
3.602520000000000167e-01
3.605829999999999869e-01
3.612079999999999735e-01
3.619910000000000072e-01
3.617299999999999960e-01
3.619149999999999867e-01
3.623950000000000227e-01
3.627839999999999954e-01
3.632690000000000086e-01
3.634600000000000053e-01
3.638089999999999935e-01
3.640209999999999835e-01
3.641179999999999972e-01
3.647079999999999766e-01
3.652619999999999756e-01
3.658250000000000113e-01
3.663170000000000037e-01
3.670050000000000257e-01
3.670379999999999754e-01
3.672320000000000029e-01
3.680760000000000143e-01
3.683529999999999860e-01
3.682119999999999838e-01
3.688119999999999732e-01
3.687219999999999942e-01
3.694200000000000261e-01
3.691720000000000002e-01
3.699520000000000031e-01
3.702590000000000048e-01
3.706439999999999735e-01
3.704939999999999900e-01
3.711050000000000182e-01
3.724029999999999840e-01
3.718949999999999756e-01
3.722139999999999893e-01
3.726990000000000025e-01
3.733750000000000124e-01
3.729450000000000265e-01
3.735430000000000139e-01
3.740580000000000016e-01
3.743020983606557550e-01
3.745306557377049428e-01
3.748640975609756065e-01
3.749449999999999728e-01
3.752658730158729972e-01
3.757128897637795339e-01
3.759739606299212222e-01
3.764391705426356483e-01
3.766665503875968879e-01
3.765648999999999247e-01
3.769356392555169299e-01
3.769995956105419710e-01
3.770635519655670120e-01
3.771275083205919976e-01
3.771914646756170386e-01
3.772554210306420241e-01
3.773193773856670652e-01
3.773833337406921062e-01
3.774472900957170918e-01
3.775112464507421328e-01
3.775752028057671739e-01
3.776391591607921594e-01
3.777031155158172004e-01
3.777670718708422415e-01
3.778310282258672270e-01
3.778949845808922681e-01
3.779589409359173091e-01
3.780228972909422946e-01
3.780868536459673357e-01
3.781508100009923767e-01
3.782147663560173623e-01
3.782787227110424033e-01
3.783426790660674444e-01
3.784066354210924299e-01
3.784705917761174709e-01
3.785345481311425120e-01
3.785985044861674975e-01
3.786624608411925386e-01
3.787264171962175796e-01
3.787903735512425651e-01
3.788543299062676062e-01
3.789182862612925917e-01
3.789822426163176328e-01
3.790461989713426738e-01
3.791101553263676593e-01
3.791741116813927004e-01
3.792380680364177414e-01
3.793020243914427270e-01
3.793659807464677680e-01
3.794299371014928091e-01
3.794938934565177946e-01
3.795578498115428356e-01
3.796218061665678767e-01
3.796857625215928622e-01
3.797497188766179033e-01
3.798136752316429443e-01
3.798776315866679298e-01
3.799415879416929709e-01
3.800055442967180119e-01
3.800695006517429975e-01
3.801334570067680385e-01
3.801974133617930240e-01
3.802613697168180651e-01
3.803253260718431061e-01
3.803892824268680917e-01
3.804532387818931327e-01
3.805171951369181738e-01
3.805811514919431593e-01
3.806451078469682003e-01
3.807090642019932414e-01
3.807730205570182269e-01
3.808369769120432680e-01
3.809009332670683090e-01
3.809648896220932945e-01
3.810288459771183356e-01
3.810928023321433766e-01
3.811567586871683622e-01
3.812207150421934032e-01
3.812846713972184443e-01
3.813486277522434298e-01
3.814125841072684708e-01
3.814765404622935119e-01
3.815404968173184974e-01
3.816044531723435385e-01
3.816684095273685795e-01
3.817323658823935650e-01
3.817963222374186061e-01
3.818602785924435916e-01
3.819242349474686327e-01
3.819881913024936737e-01
3.820521476575186592e-01
3.821161040125437003e-01
3.821800603675687413e-01
3.822440167225937269e-01
3.823079730776187679e-01
3.823719294326438090e-01
3.824358857876687945e-01
3.824998421426938355e-01
3.825637984977188766e-01
3.826277548527438621e-01
3.826917112077689032e-01
3.827556675627939442e-01
3.828196239178189297e-01
3.828835802728439708e-01
3.829475366278690118e-01
3.830114929828939974e-01
3.830754493379190384e-01
3.831394056929440239e-01
3.832033620479690650e-01
3.886991325301204503e-01
