600.000000  0.267662
610.000000  0.270185
620.000000  0.273217
630.000000  0.275944
640.000000  0.278524
650.000000  0.281991
660.000000  0.284443
670.000000  0.287182
680.000000  0.289741
690.000000  0.293130
700.000000  0.295879
710.000000  0.298562
720.000000  0.301905
730.000000  0.304467
740.000000  0.307042
750.000000  0.310286
760.000000  0.312490
770.000000  0.315045
780.000000  0.317956
790.000000  0.319251
800.000000  0.320412
810.000000  0.321835
820.000000  0.323328
830.000000  0.325419
840.000000  0.325886
850.000000  0.326863
860.000000  0.327241
870.000000  0.328169
880.000000  0.327779
890.000000  0.327451
900.000000  0.327777
910.000000  0.327231
920.000000  0.327265
930.000000  0.327510
940.000000  0.326290
950.000000  0.325733
960.000000  0.325474
970.000000  0.325889
980.000000  0.325027
990.000000  0.325472
1000.000000  0.324097
1010.000000  0.324011
1020.000000  0.323940
1030.000000  0.323838
1040.000000  0.323727
1050.000000  0.323705
1060.000000  0.324028
1070.000000  0.324156
1080.000000  0.324256
1090.000000  0.325342
1100.000000  0.325755
1110.000000  0.326197
1120.000000  0.327973
1130.000000  0.328544
1140.000000  0.328325
1150.000000  0.329017
1160.000000  0.329470
1170.000000  0.329701
1180.000000  0.329836
1190.000000  0.330016
1200.000000  0.330407
1210.000000  0.330272
1220.000000  0.331055
1230.000000  0.330522
1240.000000  0.330440
1250.000000  0.330402
1260.000000  0.330570
1270.000000  0.331149
1280.000000  0.331272
1290.000000  0.331045
1300.000000  0.331504
1310.000000  0.331623
1320.000000  0.331865
1330.000000  0.333134
1340.000000  0.333495
1350.000000  0.334439
1360.000000  0.335901
1370.000000  0.336140
1380.000000  0.336485
1390.000000  0.337059
1400.000000  0.337124
1410.000000  0.339042
1420.000000  0.339563
1430.000000  0.339681
1440.000000  0.340941
1450.000000  0.340755
1460.000000  0.340748
1470.000000  0.341529
1480.000000  0.342040
1490.000000  0.342855
1500.000000  0.343593
1510.000000  0.343944
1520.000000  0.344092
1530.000000  0.344723
1540.000000  0.346262
1550.000000  0.346927
1560.000000  0.346459
1570.000000  0.347157
1580.000000  0.347887
1590.000000  0.348493
1600.000000  0.348546
1610.000000  0.348801
1620.000000  0.349306
1630.000000  0.349859
1640.000000  0.350611
1650.000000  0.350618
1660.000000  0.351101
1670.000000  0.351725
1680.000000  0.351811
1690.000000  0.351810
1700.000000  0.353547
1710.000000  0.352879
1720.000000  0.353136
1730.000000  0.353342
1740.000000  0.353127
1750.000000  0.353438
1760.000000  0.352899
1770.000000  0.353177
1780.000000  0.353130
1790.000000  0.353263
1800.000000  0.353297
1810.000000  0.353163
1820.000000  0.352774
1830.000000  0.353485
1840.000000  0.353350
1850.000000  0.354212
1860.000000  0.354288
1870.000000  0.353835
1880.000000  0.355911
1890.000000  0.354364
1900.000000  0.355252
1910.000000  0.355166
1920.000000  0.355015
1930.000000  0.355447
1940.000000  0.355734
1950.000000  0.355983
1960.000000  0.355951
1970.000000  0.356436
1980.000000  0.356907
1990.000000  0.357152
2000.000000  0.357433
2010.000000  0.357843
2020.000000  0.357890
2030.000000  0.358485
2040.000000  0.358479
2050.000000  0.358390
2060.000000  0.358725
2070.000000  0.359040
2080.000000  0.358694
2090.000000  0.359938
2100.000000  0.359708
2110.000000  0.360252
2120.000000  0.360583
2130.000000  0.361208
2140.000000  0.361991
2150.000000  0.361730
2160.000000  0.361915
2170.000000  0.362395
2180.000000  0.362784
2190.000000  0.363269
2200.000000  0.363460
2210.000000  0.363809
2220.000000  0.364021
2230.000000  0.364118
2240.000000  0.364708
2250.000000  0.365262
2260.000000  0.365825
2270.000000  0.366317
2280.000000  0.367005
2290.000000  0.367038
2300.000000  0.367232
2310.000000  0.368076
2320.000000  0.368353
2330.000000  0.368212
2340.000000  0.368812
2350.000000  0.368722
2360.000000  0.369420
2370.000000  0.369172
2380.000000  0.369952
2390.000000  0.370259
2400.000000  0.370644
2410.000000  0.370494
2420.000000  0.371105
2430.000000  0.372403
2440.000000  0.371895
2450.000000  0.372214
2460.000000  0.372699
2470.000000  0.373375
2480.000000  0.372945
2490.000000  0.373543
2500.000000  0.374058
2510.000000  0.374302
2520.000000  0.374531
2530.000000  0.374864
2540.000000  0.374945
2550.000000  0.375266
2560.000000  0.375713
2570.000000  0.375974
2580.000000  0.376439
2590.000000  0.376667
2600.000000  0.376565
2610.000000  0.376912
2620.000000  0.377120
2630.000000  0.377326
2640.000000  0.377530
2650.000000  0.377732
2660.000000  0.377932
2670.000000  0.378131
2680.000000  0.378327
2690.000000  0.378522
2700.000000  0.378715
2710.000000  0.378906
2720.000000  0.379095
2730.000000  0.379282
2740.000000  0.379468
2750.000000  0.379651
2760.000000  0.379833
2770.000000  0.380013
2780.000000  0.380191
2790.000000  0.380367
2800.000000  0.380541
2810.000000  0.380714
2820.000000  0.380884
2830.000000  0.381053
2840.000000  0.381220
2850.000000  0.381385
2860.000000  0.381548
2870.000000  0.381710
2880.000000  0.381869
2890.000000  0.382027
2900.000000  0.382182
2910.000000  0.382336
2920.000000  0.382488
2930.000000  0.382639
2940.000000  0.382787
2950.000000  0.382933
2960.000000  0.383078
2970.000000  0.383221
2980.000000  0.383362
2990.000000  0.383501
3000.000000  0.383638
3010.000000  0.383773
3020.000000  0.383907
3030.000000  0.384038
3040.000000  0.384168
3050.000000  0.384296
3060.000000  0.384422
3070.000000  0.384546
3080.000000  0.384669
3090.000000  0.384789
3100.000000  0.384908
3110.000000  0.385025
3120.000000  0.385140
3130.000000  0.385253
3140.000000  0.385364
3150.000000  0.385473
3160.000000  0.385581
3170.000000  0.385687
3180.000000  0.385790
3190.000000  0.385892
3200.000000  0.385992
3210.000000  0.386091
3220.000000  0.386187
3230.000000  0.386282
3240.000000  0.386374
3250.000000  0.386465
3260.000000  0.386554
3270.000000  0.386641
3280.000000  0.386726
3290.000000  0.386810
3300.000000  0.386891
3310.000000  0.386971
3320.000000  0.387049
3330.000000  0.387125
3340.000000  0.387199
3350.000000  0.387271
3360.000000  0.387342
3370.000000  0.387410
3380.000000  0.387477
3390.000000  0.387542
3400.000000  0.387605
3410.000000  0.387666
3420.000000  0.387725
3430.000000  0.387782
3440.000000  0.387838
3450.000000  0.387892
3460.000000  0.387944
3470.000000  0.387994
3480.000000  0.388042
3490.000000  0.388088
3500.000000  0.388132
3510.000000  0.388175
3520.000000  0.388216
3530.000000  0.388255
3540.000000  0.388292
3550.000000  0.388327
3560.000000  0.388360
3570.000000  0.388392
3580.000000  0.388421
3590.000000  0.388449
3600.000000  0.388699
