2.487070000000000114e-01
2.511959999999999749e-01
2.527599999999999847e-01
2.549359999999999959e-01
2.569009999999999905e-01
2.587559999999999860e-01
2.611950000000000105e-01
2.633869999999999822e-01
2.655890000000000195e-01
2.681399999999999895e-01
2.704190000000000205e-01
2.731339999999999879e-01
2.755799999999999916e-01
2.781980000000000008e-01
2.812930000000000152e-01
2.834209999999999785e-01
2.856710000000000083e-01
2.867040000000000144e-01
2.893910000000000093e-01
2.909160000000000079e-01
2.922159999999999758e-01
2.934010000000000229e-01
2.944860000000000255e-01
2.953749999999999987e-01
2.962929999999999731e-01
2.963450000000000251e-01
2.964879999999999738e-01
2.970340000000000202e-01
2.970289999999999875e-01
2.968509999999999760e-01
2.961269999999999736e-01
2.966360000000000108e-01
2.964849999999999985e-01
2.958660000000000179e-01
2.951170000000000182e-01
2.947980000000000045e-01
2.944559999999999955e-01
2.938339999999999841e-01
2.933049999999999824e-01
2.927130000000000010e-01
2.919959999999999778e-01
2.920340000000000158e-01
2.921000000000000263e-01
2.919519999999999893e-01
2.923760000000000248e-01
2.927420000000000022e-01
2.929140000000000077e-01
2.933740000000000236e-01
2.943930000000000158e-01
2.948649999999999882e-01
2.961280000000000023e-01
2.969240000000000212e-01
2.977310000000000234e-01
2.984280000000000266e-01
2.993219999999999770e-01
3.000220000000000109e-01
3.009760000000000213e-01
3.015490000000000115e-01
3.023569999999999869e-01
3.022569999999999979e-01
3.027759999999999896e-01
3.037500000000000200e-01
3.034330000000000083e-01
3.044399999999999884e-01
3.044720000000000204e-01
3.048290000000000166e-01
3.051860000000000128e-01
3.051510000000000056e-01
3.050709999999999811e-01
3.057400000000000118e-01
3.065459999999999852e-01
3.069399999999999906e-01
3.078500000000000125e-01
3.085269999999999957e-01
3.089600000000000124e-01
3.096280000000000143e-01
3.108060000000000267e-01
3.119770000000000043e-01
3.120200000000000196e-01
3.131689999999999752e-01
3.139620000000000188e-01
3.159660000000000246e-01
3.160240000000000271e-01
3.164799999999999836e-01
3.177119999999999944e-01
3.184710000000000041e-01
3.193070000000000075e-01
3.203929999999999834e-01
3.211269999999999958e-01
3.218280000000000030e-01
3.219350000000000267e-01
3.230350000000000166e-01
3.235990000000000255e-01
3.243219999999999992e-01
3.252070000000000238e-01
3.252530000000000143e-01
3.256459999999999910e-01
3.263800000000000034e-01
3.269429999999999836e-01
3.279569999999999985e-01
3.282930000000000015e-01
3.286080000000000112e-01
3.292479999999999851e-01
3.302760000000000140e-01
3.304449999999999887e-01
3.308400000000000230e-01
3.327180000000000137e-01
3.341509999999999758e-01
3.350000000000000200e-01
3.346520000000000050e-01
3.352729999999999877e-01
3.356810000000000072e-01
3.362499999999999933e-01
3.362049999999999761e-01
3.362660000000000093e-01
3.369199999999999973e-01
3.369690000000000185e-01
3.376279999999999837e-01
3.383550000000000169e-01
3.386270000000000113e-01
3.391959999999999975e-01
3.394329999999999847e-01
3.398510000000000142e-01
3.399070000000000147e-01
3.399590000000000112e-01
3.397850000000000037e-01
3.409440000000000248e-01
3.413809999999999900e-01
3.403050000000000241e-01
3.416409999999999725e-01
3.423069999999999724e-01
3.411910000000000220e-01
3.421969999999999734e-01
3.426460000000000061e-01
3.435489999999999933e-01
3.428889999999999993e-01
3.438189999999999857e-01
3.439590000000000147e-01
3.442080000000000140e-01
3.440489999999999937e-01
3.443399999999999794e-01
3.452330000000000121e-01
3.452060000000000128e-01
3.456190000000000095e-01
3.466879999999999962e-01
3.460909999999999820e-01
3.467810000000000059e-01
3.468530000000000224e-01
3.472009999999999819e-01
3.477560000000000096e-01
3.477770000000000028e-01
3.478749999999999898e-01
3.481929999999999747e-01
3.489169999999999772e-01
3.493319999999999759e-01
3.498290000000000011e-01
3.500969999999999915e-01
3.503209999999999935e-01
3.508640000000000092e-01
3.517029999999999879e-01
3.522850000000000148e-01
3.530269999999999797e-01
3.529809999999999892e-01
3.536259999999999959e-01
3.539089999999999736e-01
3.544390000000000041e-01
3.552190000000000070e-01
3.561849999999999739e-01
3.569490000000000163e-01
3.573000000000000065e-01
3.575749999999999762e-01
3.588770000000000016e-01
3.587730000000000086e-01
3.593729999999999980e-01
3.596670000000000145e-01
3.604939999999999811e-01
3.605410000000000004e-01
3.609339999999999771e-01
3.614899999999999780e-01
3.621510000000000007e-01
3.630340000000000233e-01
3.631380000000000163e-01
3.641320000000000112e-01
3.653620000000000201e-01
3.653509999999999813e-01
3.663710000000000022e-01
3.671849999999999836e-01
3.676269999999999816e-01
3.686150000000000260e-01
3.696530000000000094e-01
3.701019999999999865e-01
3.702921147540984004e-01
3.709458852459016076e-01
3.710959268292683411e-01
3.711010000000000142e-01
3.715152063492063172e-01
3.722366535433070389e-01
3.721871102362204198e-01
3.723023643410852679e-01
3.723402558139534690e-01
3.733012999999999471e-01
3.734734010218915268e-01
3.737057030130085944e-01
3.739380050041257175e-01
3.741703069952428407e-01
3.744026089863599638e-01
3.746349109774770869e-01
3.748672129685941545e-01
3.750995149597112777e-01
3.753318169508284008e-01
3.755641189419455239e-01
3.757964209330626471e-01
3.760287229241797702e-01
3.762610249152968378e-01
3.764933269064139609e-01
3.767256288975310841e-01
3.769579308886481517e-01
3.771902328797652748e-01
3.774225348708823979e-01
3.776548368619995211e-01
3.778871388531166442e-01
3.781194408442337673e-01
3.783517428353508349e-01
3.785840448264679581e-01
3.788163468175850812e-01
3.790486488087022043e-01
3.792809507998192720e-01
3.795132527909363951e-01
3.797455547820535182e-01
3.799778567731706413e-01
3.802101587642877645e-01
3.804424607554048876e-01
3.806747627465219552e-01
3.809070647376390784e-01
3.811393667287562015e-01
3.813716687198733246e-01
3.816039707109903922e-01
3.818362727021075154e-01
3.820685746932246385e-01
3.823008766843417616e-01
3.825331786754588848e-01
3.827654806665760079e-01
3.829977826576930755e-01
3.832300846488101986e-01
3.834623866399273218e-01
3.836946886310444449e-01
3.839269906221615125e-01
3.841592926132786356e-01
3.843915946043957588e-01
3.846238965955128819e-01
3.848561985866300050e-01
3.850885005777471282e-01
3.853208025688641958e-01
3.855531045599813189e-01
3.857854065510984420e-01
3.860177085422155652e-01
3.862500105333326328e-01
3.864823125244497559e-01
3.867146145155668790e-01
3.869469165066840022e-01
3.871792184978011253e-01
3.874115204889182484e-01
3.876438224800353161e-01
3.878761244711524392e-01
3.881084264622695623e-01
3.883407284533866854e-01
3.885730304445037531e-01
3.888053324356208762e-01
3.890376344267379993e-01
3.892699364178551225e-01
3.895022384089722456e-01
3.897345404000893687e-01
3.899668423912064363e-01
3.901991443823235595e-01
3.904314463734406826e-01
3.906637483645578057e-01
3.908960503556748733e-01
3.911283523467919965e-01
3.913606543379091196e-01
3.915929563290262427e-01
3.918252583201433659e-01
3.920575603112604890e-01
3.922898623023775566e-01
3.925221642934946797e-01
3.927544662846118029e-01
3.929867682757289260e-01
3.932190702668459936e-01
3.934513722579631168e-01
3.936836742490802399e-01
3.939159762401973630e-01
3.941482782313144861e-01
3.943805802224316093e-01
3.946128822135486769e-01
3.948451842046658000e-01
3.950774861957829232e-01
3.953097881869000463e-01
3.955420901780171139e-01
3.957743921691342370e-01
3.960066941602513602e-01
3.962389961513684833e-01
3.993667228915662726e-01
