600.000000  0.159512
610.000000  0.161311
620.000000  0.163163
630.000000  0.165537
640.000000  0.167508
650.000000  0.169624
660.000000  0.172480
670.000000  0.175505
680.000000  0.177879
690.000000  0.181620
700.000000  0.184878
710.000000  0.188321
720.000000  0.192220
730.000000  0.196433
740.000000  0.200606
750.000000  0.204791
760.000000  0.209970
770.000000  0.214921
780.000000  0.219169
790.000000  0.223585
800.000000  0.228336
810.000000  0.232047
820.000000  0.235829
830.000000  0.238933
840.000000  0.241418
850.000000  0.242905
860.000000  0.244127
870.000000  0.245607
880.000000  0.244545
890.000000  0.243845
900.000000  0.243537
910.000000  0.242865
920.000000  0.241723
930.000000  0.240974
940.000000  0.240614
950.000000  0.239759
960.000000  0.239388
970.000000  0.240104
980.000000  0.240395
990.000000  0.242425
1000.000000  0.243195
1010.000000  0.245366
1020.000000  0.247694
1030.000000  0.250389
1040.000000  0.252861
1050.000000  0.255549
1060.000000  0.258148
1070.000000  0.260882
1080.000000  0.262550
1090.000000  0.264399
1100.000000  0.267385
1110.000000  0.268034
1120.000000  0.269204
1130.000000  0.270076
1140.000000  0.270051
1150.000000  0.270490
1160.000000  0.270089
1170.000000  0.269664
1180.000000  0.268927
1190.000000  0.268626
1200.000000  0.268426
1210.000000  0.267742
1220.000000  0.268312
1230.000000  0.267171
1240.000000  0.266653
1250.000000  0.265792
1260.000000  0.266468
1270.000000  0.266763
1280.000000  0.267163
1290.000000  0.267374
1300.000000  0.267654
1310.000000  0.269065
1320.000000  0.269382
1330.000000  0.270373
1340.000000  0.271428
1350.000000  0.271853
1360.000000  0.271993
1370.000000  0.272600
1380.000000  0.273559
1390.000000  0.273961
1400.000000  0.274954
1410.000000  0.275352
1420.000000  0.276364
1430.000000  0.276791
1440.000000  0.277585
1450.000000  0.277767
1460.000000  0.278370
1470.000000  0.279255
1480.000000  0.279484
1490.000000  0.280136
1500.000000  0.280604
1510.000000  0.280895
1520.000000  0.281434
1530.000000  0.281923
1540.000000  0.283241
1550.000000  0.284140
1560.000000  0.283562
1570.000000  0.284894
1580.000000  0.285239
1590.000000  0.286000
1600.000000  0.286500
1610.000000  0.286666
1620.000000  0.287701
1630.000000  0.288116
1640.000000  0.289400
1650.000000  0.290600
1660.000000  0.291800
1670.000000  0.292175
1680.000000  0.292863
1690.000000  0.293734
1700.000000  0.294409
1710.000000  0.295161
1720.000000  0.295619
1730.000000  0.296339
1740.000000  0.296953
1750.000000  0.297563
1760.000000  0.298185
1770.000000  0.298868
1780.000000  0.299804
1790.000000  0.299702
1800.000000  0.300467
1810.000000  0.301124
1820.000000  0.301360
1830.000000  0.302017
1840.000000  0.302485
1850.000000  0.303086
1860.000000  0.303419
1870.000000  0.303596
1880.000000  0.304791
1890.000000  0.304000
1900.000000  0.304513
1910.000000  0.304956
1920.000000  0.304982
1930.000000  0.304812
1940.000000  0.305226
1950.000000  0.305125
1960.000000  0.305436
1970.000000  0.305687
1980.000000  0.305706
1990.000000  0.305501
2000.000000  0.305652
2010.000000  0.306043
2020.000000  0.306218
2030.000000  0.306507
2040.000000  0.306735
2050.000000  0.306923
2060.000000  0.306857
2070.000000  0.306736
2080.000000  0.307375
2090.000000  0.307520
2100.000000  0.307750
2110.000000  0.308162
2120.000000  0.308569
2130.000000  0.309213
2140.000000  0.309758
2150.000000  0.309726
2160.000000  0.310614
2170.000000  0.310614
2180.000000  0.310863
2190.000000  0.311731
2200.000000  0.312083
2210.000000  0.312070
2220.000000  0.312415
2230.000000  0.313288
2240.000000  0.313557
2250.000000  0.314543
2260.000000  0.315262
2270.000000  0.316269
2280.000000  0.317024
2290.000000  0.317832
2300.000000  0.318765
2310.000000  0.319360
2320.000000  0.320493
2330.000000  0.320514
2340.000000  0.321145
2350.000000  0.321823
2360.000000  0.322729
2370.000000  0.323694
2380.000000  0.324768
2390.000000  0.326479
2400.000000  0.327056
2410.000000  0.327801
2420.000000  0.328796
2430.000000  0.329832
2440.000000  0.330688
2450.000000  0.332317
2460.000000  0.333059
2470.000000  0.334323
2480.000000  0.335646
2490.000000  0.336846
2500.000000  0.338162
2510.000000  0.339033
2520.000000  0.340180
2530.000000  0.340507
2540.000000  0.341618
2550.000000  0.342152
2560.000000  0.343159
2570.000000  0.343416
2580.000000  0.344212
2590.000000  0.344996
2600.000000  0.345677
2610.000000  0.345977
2620.000000  0.346902
2630.000000  0.347658
2640.000000  0.348077
2650.000000  0.348870
2660.000000  0.349082
2670.000000  0.349201
2680.000000  0.349317
2690.000000  0.349433
2700.000000  0.349546
2710.000000  0.349658
2720.000000  0.349769
2730.000000  0.349878
2740.000000  0.349986
2750.000000  0.350092
2760.000000  0.350196
2770.000000  0.350299
2780.000000  0.350401
2790.000000  0.350501
2800.000000  0.350600
2810.000000  0.350697
2820.000000  0.350792
2830.000000  0.350886
2840.000000  0.350978
2850.000000  0.351069
2860.000000  0.351159
2870.000000  0.351246
2880.000000  0.351333
2890.000000  0.351418
2900.000000  0.351501
2910.000000  0.351583
2920.000000  0.351663
2930.000000  0.351742
2940.000000  0.351819
2950.000000  0.351895
2960.000000  0.351969
2970.000000  0.352042
2980.000000  0.352113
2990.000000  0.352182
3000.000000  0.352250
3010.000000  0.352317
3020.000000  0.352382
3030.000000  0.352446
3040.000000  0.352508
3050.000000  0.352568
3060.000000  0.352627
3070.000000  0.352685
3080.000000  0.352741
3090.000000  0.352795
3100.000000  0.352848
3110.000000  0.352899
3120.000000  0.352949
3130.000000  0.352998
3140.000000  0.353045
3150.000000  0.353090
3160.000000  0.353134
3170.000000  0.353176
3180.000000  0.353217
3190.000000  0.353256
3200.000000  0.353294
3210.000000  0.353330
3220.000000  0.353365
3230.000000  0.353398
3240.000000  0.353429
3250.000000  0.353460
3260.000000  0.353488
3270.000000  0.353515
3280.000000  0.353541
3290.000000  0.353565
3300.000000  0.353587
3310.000000  0.353608
3320.000000  0.353628
3330.000000  0.353646
3340.000000  0.353662
3350.000000  0.353677
3360.000000  0.353691
3370.000000  0.353703
3380.000000  0.353713
3390.000000  0.353722
3400.000000  0.353729
3410.000000  0.353735
3420.000000  0.353739
3430.000000  0.353742
3440.000000  0.353743
3450.000000  0.353743
3460.000000  0.353741
3470.000000  0.353738
3480.000000  0.353733
3490.000000  0.353727
3500.000000  0.353719
3510.000000  0.353710
3520.000000  0.353699
3530.000000  0.353687
3540.000000  0.353673
3550.000000  0.353657
3560.000000  0.353640
3570.000000  0.353622
3580.000000  0.353602
3590.000000  0.353580
3600.000000  0.353648
