3.511589999999999989e-01
3.534809999999999897e-01
3.542969999999999731e-01
3.560249999999999804e-01
3.573939999999999895e-01
3.591460000000000208e-01
3.602779999999999871e-01
3.622460000000000124e-01
3.635900000000000243e-01
3.646249999999999769e-01
3.664839999999999764e-01
3.673529999999999851e-01
3.681269999999999820e-01
3.701690000000000258e-01
3.720149999999999846e-01
3.737429999999999919e-01
3.754060000000000175e-01
3.768739999999999868e-01
3.782130000000000214e-01
3.789420000000000011e-01
3.800839999999999774e-01
3.799449999999999772e-01
3.796559999999999935e-01
3.796910000000000007e-01
3.789390000000000258e-01
3.785430000000000184e-01
3.770419999999999883e-01
3.754009999999999847e-01
3.758009999999999962e-01
3.749799999999999800e-01
3.742090000000000138e-01
3.720829999999999971e-01
3.706160000000000010e-01
3.704819999999999780e-01
3.693589999999999929e-01
3.694230000000000014e-01
3.698770000000000113e-01
3.698020000000000196e-01
3.702409999999999868e-01
3.708040000000000225e-01
3.719009999999999816e-01
3.729839999999999822e-01
3.749170000000000003e-01
3.755180000000000184e-01
3.768560000000000243e-01
3.787050000000000138e-01
3.797240000000000060e-01
3.808810000000000251e-01
3.824549999999999894e-01
3.828130000000000144e-01
3.832519999999999816e-01
3.842550000000000132e-01
3.844620000000000259e-01
3.851829999999999976e-01
3.853260000000000018e-01
3.864920000000000022e-01
3.862059999999999937e-01
3.870480000000000032e-01
3.872510000000000119e-01
3.875089999999999923e-01
3.861310000000000020e-01
3.867809999999999859e-01
3.868960000000000177e-01
3.875339999999999896e-01
3.869699999999999807e-01
3.872399999999999731e-01
3.876359999999999806e-01
3.887379999999999725e-01
3.889659999999999784e-01
3.892519999999999869e-01
3.905560000000000143e-01
3.911660000000000137e-01
3.916919999999999846e-01
3.918019999999999836e-01
3.926919999999999855e-01
3.929599999999999760e-01
3.945389999999999731e-01
3.938010000000000121e-01
3.950980000000000047e-01
3.957319999999999727e-01
3.962649999999999784e-01
3.964219999999999966e-01
3.978820000000000134e-01
3.982240000000000224e-01
3.987169999999999881e-01
3.994460000000000233e-01
4.000150000000000095e-01
4.007950000000000124e-01
4.015670000000000073e-01
4.014389999999999903e-01
4.018909999999999982e-01
4.028660000000000019e-01
4.034460000000000268e-01
4.037419999999999898e-01
4.037359999999999838e-01
4.048649999999999749e-01
4.058570000000000233e-01
4.060369999999999813e-01
4.060929999999999818e-01
4.065019999999999745e-01
4.069650000000000212e-01
4.068689999999999807e-01
4.076489999999999836e-01
4.077979999999999938e-01
4.077959999999999918e-01
4.085779999999999967e-01
4.093269999999999964e-01
4.094949999999999979e-01
4.104189999999999783e-01
4.099539999999999851e-01
4.117399999999999949e-01
4.105770000000000253e-01
4.107680000000000220e-01
4.111679999999999779e-01
4.107600000000000140e-01
4.113280000000000269e-01
4.110699999999999910e-01
4.111270000000000202e-01
4.117160000000000264e-01
4.111130000000000062e-01
4.113890000000000047e-01
4.111060000000000270e-01
4.120920000000000138e-01
4.121540000000000203e-01
4.122219999999999773e-01
4.122480000000000033e-01
4.121549999999999936e-01
4.125719999999999943e-01
4.117480000000000029e-01
4.118510000000000226e-01
4.123040000000000038e-01
4.127350000000000185e-01
4.125710000000000210e-01
4.124309999999999921e-01
4.119769999999999821e-01
4.128399999999999848e-01
4.132959999999999967e-01
4.134530000000000149e-01
4.136380000000000057e-01
4.130409999999999915e-01
4.131159999999999832e-01
4.139459999999999806e-01
4.136420000000000097e-01
4.147170000000000023e-01
4.142939999999999956e-01
4.149920000000000275e-01
4.153249999999999997e-01
4.152950000000000252e-01
4.163149999999999906e-01
4.168600000000000083e-01
4.168549999999999756e-01
4.169970000000000065e-01
4.173560000000000048e-01
4.185969999999999969e-01
4.185320000000000151e-01
4.186380000000000101e-01
4.197069999999999967e-01
4.198939999999999895e-01
4.196940000000000115e-01
4.209049999999999736e-01
4.211190000000000211e-01
4.218979999999999952e-01
4.228149999999999964e-01
4.232040000000000246e-01
4.238689999999999958e-01
4.248999999999999999e-01
4.253879999999999884e-01
4.266059999999999852e-01
4.270579999999999932e-01
4.276630000000000154e-01
4.285900000000000265e-01
4.294359999999999844e-01
4.296670000000000211e-01
4.301240000000000063e-01
4.308730000000000060e-01
4.316769999999999774e-01
4.318810000000000149e-01
4.325450000000000128e-01
4.328239999999999865e-01
4.333380000000000010e-01
4.344390000000000196e-01
4.351269999999999860e-01
4.358259999999999912e-01
4.366729999999999778e-01
4.373810000000000198e-01
4.368850000000000233e-01
4.382550000000000057e-01
4.385859999999999759e-01
4.394480000000000053e-01
4.401749999999999829e-01
4.404930000000000234e-01
4.409774918032787205e-01
4.414140163934426320e-01
4.414156747967479810e-01
4.425109999999999877e-01
4.422523730158729460e-01
4.428081102362204091e-01
4.428635748031495845e-01
4.432068062015503962e-01
4.435895968992247806e-01
4.438962999999999659e-01
4.442254597186779397e-01
4.442014222001281487e-01
4.441773846815783577e-01
4.441533471630286223e-01
4.441293096444788313e-01
4.441052721259290403e-01
4.440812346073792494e-01
4.440571970888294584e-01
4.440331595702796674e-01
4.440091220517298765e-01
4.439850845331800855e-01
4.439610470146303500e-01
4.439370094960805591e-01
4.439129719775307681e-01
4.438889344589809771e-01
4.438648969404311861e-01
4.438408594218813952e-01
4.438168219033316042e-01
4.437927843847818132e-01
4.437687468662320223e-01
4.437447093476822868e-01
4.437206718291324958e-01
4.436966343105827049e-01
4.436725967920329139e-01
4.436485592734831229e-01
4.436245217549333320e-01
4.436004842363835410e-01
4.435764467178337500e-01
4.435524091992840146e-01
4.435283716807342236e-01
4.435043341621844326e-01
4.434802966436346416e-01
4.434562591250848507e-01
4.434322216065350597e-01
4.434081840879852687e-01
4.433841465694354778e-01
4.433601090508856868e-01
4.433360715323359513e-01
4.433120340137861604e-01
4.432879964952363694e-01
4.432639589766865784e-01
4.432399214581367874e-01
4.432158839395869965e-01
4.431918464210372055e-01
4.431678089024874145e-01
4.431437713839376791e-01
4.431197338653878881e-01
4.430956963468380971e-01
4.430716588282883062e-01
4.430476213097385152e-01
4.430235837911887242e-01
4.429995462726389333e-01
4.429755087540891423e-01
4.429514712355394068e-01
4.429274337169896159e-01
4.429033961984398249e-01
4.428793586798900339e-01
4.428553211613402429e-01
4.428312836427904520e-01
4.428072461242406610e-01
4.427832086056908700e-01
4.427591710871410791e-01
4.427351335685913436e-01
4.427110960500415526e-01
4.426870585314917617e-01
4.426630210129419707e-01
4.426389834943921797e-01
4.426149459758423887e-01
4.425909084572925978e-01
4.425668709387428068e-01
4.425428334201930713e-01
4.425187959016432804e-01
4.424947583830934894e-01
4.424707208645436984e-01
4.424466833459939075e-01
4.424226458274441165e-01
4.423986083088943255e-01
4.423745707903445346e-01
4.423505332717947436e-01
4.423264957532450081e-01
4.423024582346952172e-01
4.422784207161454262e-01
4.422543831975956352e-01
4.422303456790458442e-01
4.422063081604960533e-01
4.421822706419462623e-01
4.421582331233964713e-01
4.421341956048467359e-01
4.421101580862969449e-01
4.420861205677471539e-01
4.420620830491973630e-01
4.420380455306475720e-01
4.420140080120977810e-01
4.419899704935479900e-01
4.419659329749981991e-01
4.419418954564484636e-01
4.419178579378986726e-01
4.418938204193488817e-01
4.418697829007990907e-01
4.473194337349397642e-01
