1.595119999999999871e-01
1.613110000000000099e-01
1.631630000000000025e-01
1.655369999999999897e-01
1.675079999999999902e-01
1.696239999999999970e-01
1.724799999999999944e-01
1.755049999999999943e-01
1.778790000000000093e-01
1.816200000000000037e-01
1.848779999999999868e-01
1.883209999999999884e-01
1.922200000000000020e-01
1.964329999999999965e-01
2.006060000000000065e-01
2.047910000000000008e-01
2.099699999999999900e-01
2.149210000000000009e-01
2.191690000000000027e-01
2.235850000000000060e-01
2.283360000000000112e-01
2.320470000000000033e-01
2.358290000000000108e-01
2.389330000000000065e-01
2.414179999999999937e-01
2.429050000000000098e-01
2.441270000000000107e-01
2.456069999999999920e-01
2.445450000000000124e-01
2.438450000000000062e-01
2.435370000000000035e-01
2.428649999999999975e-01
2.417229999999999934e-01
2.409739999999999938e-01
2.406139999999999946e-01
2.397589999999999999e-01
2.393879999999999897e-01
2.401040000000000119e-01
2.403949999999999976e-01
2.424250000000000016e-01
2.431949999999999945e-01
2.453660000000000008e-01
2.476939999999999975e-01
2.503889999999999727e-01
2.528610000000000024e-01
2.555490000000000261e-01
2.581479999999999886e-01
2.608820000000000028e-01
2.625500000000000056e-01
2.643989999999999951e-01
2.673849999999999838e-01
2.680339999999999945e-01
2.692039999999999988e-01
2.700759999999999827e-01
2.700509999999999855e-01
2.704900000000000082e-01
2.700890000000000235e-01
2.696640000000000148e-01
2.689270000000000271e-01
2.686259999999999759e-01
2.684259999999999979e-01
2.677419999999999800e-01
2.683119999999999949e-01
2.671709999999999918e-01
2.666529999999999734e-01
2.657919999999999727e-01
2.664679999999999827e-01
2.667629999999999724e-01
2.671629999999999838e-01
2.673740000000000006e-01
2.676540000000000030e-01
2.690649999999999986e-01
2.693820000000000103e-01
2.703729999999999745e-01
2.714280000000000026e-01
2.718530000000000113e-01
2.719929999999999848e-01
2.726000000000000090e-01
2.735589999999999966e-01
2.739610000000000101e-01
2.749539999999999762e-01
2.753519999999999857e-01
2.763639999999999985e-01
2.767910000000000093e-01
2.775850000000000262e-01
2.777669999999999861e-01
2.783700000000000063e-01
2.792549999999999755e-01
2.794840000000000102e-01
2.801359999999999961e-01
2.806040000000000201e-01
2.808950000000000058e-01
2.814340000000000175e-01
2.819229999999999792e-01
2.832410000000000205e-01
2.841400000000000037e-01
2.835619999999999807e-01
2.848939999999999806e-01
2.852390000000000203e-01
2.859999999999999765e-01
2.864999999999999769e-01
2.866659999999999764e-01
2.877009999999999845e-01
2.881159999999999832e-01
2.893999999999999906e-01
2.906000000000000250e-01
2.918000000000000038e-01
2.921750000000000180e-01
2.928629999999999844e-01
2.937339999999999951e-01
2.944089999999999763e-01
2.951610000000000067e-01
2.956190000000000206e-01
2.963390000000000191e-01
2.969530000000000225e-01
2.975630000000000219e-01
2.981849999999999778e-01
2.988680000000000225e-01
2.998040000000000149e-01
2.997020000000000239e-01
3.004669999999999841e-01
3.011240000000000028e-01
3.013600000000000168e-01
3.020169999999999799e-01
3.024850000000000039e-01
3.030860000000000221e-01
3.034189999999999943e-01
3.035959999999999770e-01
3.047909999999999786e-01
3.039999999999999925e-01
3.045129999999999781e-01
3.049560000000000048e-01
3.049819999999999753e-01
3.048120000000000274e-01
3.052259999999999973e-01
3.051249999999999796e-01
3.054359999999999853e-01
3.056869999999999865e-01
3.057059999999999778e-01
3.055010000000000225e-01
3.056519999999999793e-01
3.060430000000000095e-01
3.062179999999999902e-01
3.065069999999999739e-01
3.067349999999999799e-01
3.069230000000000014e-01
3.068569999999999909e-01
3.067360000000000086e-01
3.073750000000000093e-01
3.075200000000000156e-01
3.077500000000000235e-01
3.081619999999999915e-01
3.085689999999999822e-01
3.092130000000000156e-01
3.097579999999999778e-01
3.097260000000000013e-01
3.106140000000000012e-01
3.106140000000000012e-01
3.108630000000000004e-01
3.117309999999999803e-01
3.120829999999999993e-01
3.120700000000000141e-01
3.124149999999999983e-01
3.132880000000000109e-01
3.135569999999999746e-01
3.145430000000000170e-01
3.152619999999999867e-01
3.162690000000000223e-01
3.170239999999999725e-01
3.178320000000000034e-01
3.187650000000000206e-01
3.193599999999999772e-01
3.204929999999999723e-01
3.205140000000000211e-01
3.211450000000000138e-01
3.218230000000000257e-01
3.227289999999999881e-01
3.236939999999999817e-01
3.247680000000000011e-01
3.264790000000000192e-01
3.270560000000000134e-01
3.278010000000000090e-01
3.287959999999999772e-01
3.298320000000000141e-01
3.306879999999999820e-01
3.323169999999999735e-01
3.330589999999999939e-01
3.343229999999999813e-01
3.356459999999999999e-01
3.368459999999999788e-01
3.381620000000000181e-01
3.390328360655737727e-01
3.401795573770492465e-01
3.405066585365853493e-01
3.416179999999999772e-01
3.421521587301586953e-01
3.431590944881889316e-01
3.434164960629921270e-01
3.442116821705426544e-01
3.449955968992248212e-01
3.456770000000000120e-01
3.487980807661455462e-01
3.488201138289304115e-01
3.488421468917152768e-01
3.488641799545001421e-01
3.488862130172850073e-01
3.489082460800698726e-01
3.489302791428547379e-01
3.489523122056396032e-01
3.489743452684244684e-01
3.489963783312093337e-01
3.490184113939941990e-01
3.490404444567790643e-01
3.490624775195639296e-01
3.490845105823487948e-01
3.491065436451337156e-01
3.491285767079185809e-01
3.491506097707034462e-01
3.491726428334883114e-01
3.491946758962731767e-01
3.492167089590580420e-01
3.492387420218429073e-01
3.492607750846277725e-01
3.492828081474126378e-01
3.493048412101975031e-01
3.493268742729823684e-01
3.493489073357672337e-01
3.493709403985520989e-01
3.493929734613369642e-01
3.494150065241218295e-01
3.494370395869066948e-01
3.494590726496915600e-01
3.494811057124764253e-01
3.495031387752612906e-01
3.495251718380461559e-01
3.495472049008310211e-01
3.495692379636158864e-01
3.495912710264007517e-01
3.496133040891856170e-01
3.496353371519704822e-01
3.496573702147553475e-01
3.496794032775402128e-01
3.497014363403250781e-01
3.497234694031099433e-01
3.497455024658948086e-01
3.497675355286796739e-01
3.497895685914645392e-01
3.498116016542494044e-01
3.498336347170342697e-01
3.498556677798191350e-01
3.498777008426040003e-01
3.498997339053888656e-01
3.499217669681737863e-01
3.499438000309586516e-01
3.499658330937435169e-01
3.499878661565283822e-01
3.500098992193132474e-01
3.500319322820981127e-01
3.500539653448829780e-01
3.500759984076678433e-01
3.500980314704527085e-01
3.501200645332375738e-01
3.501420975960224391e-01
3.501641306588073044e-01
3.501861637215921697e-01
3.502081967843770349e-01
3.502302298471619002e-01
3.502522629099467655e-01
3.502742959727316308e-01
3.502963290355164960e-01
3.503183620983013613e-01
3.503403951610862266e-01
3.503624282238710919e-01
3.503844612866559571e-01
3.504064943494408224e-01
3.504285274122256877e-01
3.504505604750105530e-01
3.504725935377954182e-01
3.504946266005802835e-01
3.505166596633651488e-01
3.505386927261500141e-01
3.505607257889348793e-01
3.505827588517197446e-01
3.506047919145046099e-01
3.506268249772894752e-01
3.506488580400743404e-01
3.506708911028592057e-01
3.506929241656440710e-01
3.507149572284289363e-01
3.507369902912138571e-01
3.507590233539987223e-01
3.507810564167835876e-01
3.508030894795684529e-01
3.508251225423533182e-01
3.508471556051381834e-01
3.508691886679230487e-01
3.508912217307079140e-01
3.509132547934927793e-01
3.509352878562776445e-01
3.509573209190625098e-01
3.536477349397590397e-01
