600.000000  0.086663
610.000000  0.088077
620.000000  0.089237
630.000000  0.090614
640.000000  0.091937
650.000000  0.092969
660.000000  0.094521
670.000000  0.095354
680.000000  0.096760
690.000000  0.097760
700.000000  0.099098
710.000000  0.099971
720.000000  0.101778
730.000000  0.102361
740.000000  0.103845
750.000000  0.105135
760.000000  0.107308
770.000000  0.108288
780.000000  0.109613
790.000000  0.110726
800.000000  0.112158
810.000000  0.113007
820.000000  0.113450
830.000000  0.114164
840.000000  0.114570
850.000000  0.114922
860.000000  0.114766
870.000000  0.114659
880.000000  0.114523
890.000000  0.114568
900.000000  0.114750
910.000000  0.114763
920.000000  0.114890
930.000000  0.114885
940.000000  0.115174
950.000000  0.115637
960.000000  0.115951
970.000000  0.116658
980.000000  0.117039
990.000000  0.117938
1000.000000  0.118323
1010.000000  0.119046
1020.000000  0.119860
1030.000000  0.120959
1040.000000  0.122006
1050.000000  0.123175
1060.000000  0.124395
1070.000000  0.125518
1080.000000  0.126835
1090.000000  0.128284
1100.000000  0.129592
1110.000000  0.130836
1120.000000  0.131997
1130.000000  0.133318
1140.000000  0.134091
1150.000000  0.134984
1160.000000  0.135840
1170.000000  0.136374
1180.000000  0.137140
1190.000000  0.137764
1200.000000  0.138536
1210.000000  0.139314
1220.000000  0.140241
1230.000000  0.140622
1240.000000  0.141195
1250.000000  0.142217
1260.000000  0.142734
1270.000000  0.143692
1280.000000  0.144537
1290.000000  0.145579
1300.000000  0.146557
1310.000000  0.147524
1320.000000  0.148808
1330.000000  0.149840
1340.000000  0.151435
1350.000000  0.152006
1360.000000  0.152690
1370.000000  0.154509
1380.000000  0.155245
1390.000000  0.157484
1400.000000  0.158094
1410.000000  0.159739
1420.000000  0.161038
1430.000000  0.162148
1440.000000  0.163115
1450.000000  0.164324
1460.000000  0.165250
1470.000000  0.166457
1480.000000  0.167413
1490.000000  0.168455
1500.000000  0.169473
1510.000000  0.170347
1520.000000  0.171174
1530.000000  0.172427
1540.000000  0.173054
1550.000000  0.173775
1560.000000  0.174544
1570.000000  0.175107
1580.000000  0.175792
1590.000000  0.176824
1600.000000  0.177522
1610.000000  0.178572
1620.000000  0.179268
1630.000000  0.179756
1640.000000  0.180523
1650.000000  0.181702
1660.000000  0.182339
1670.000000  0.183037
1680.000000  0.183715
1690.000000  0.184386
1700.000000  0.185747
1710.000000  0.186453
1720.000000  0.187147
1730.000000  0.187982
1740.000000  0.188815
1750.000000  0.189675
1760.000000  0.190772
1770.000000  0.191271
1780.000000  0.192090
1790.000000  0.192883
1800.000000  0.194028
1810.000000  0.195175
1820.000000  0.195681
1830.000000  0.196981
1840.000000  0.198640
1850.000000  0.199257
1860.000000  0.200030
1870.000000  0.200030
1880.000000  0.201976
1890.000000  0.202171
1900.000000  0.202604
1910.000000  0.204512
1920.000000  0.204907
1930.000000  0.206123
1940.000000  0.206951
1950.000000  0.207813
1960.000000  0.208591
1970.000000  0.209143
1980.000000  0.210241
1990.000000  0.210837
2000.000000  0.211824
2010.000000  0.212935
2020.000000  0.213805
2030.000000  0.214893
2040.000000  0.215315
2050.000000  0.216297
2060.000000  0.216751
2070.000000  0.217198
2080.000000  0.218700
2090.000000  0.219616
2100.000000  0.220621
2110.000000  0.221353
2120.000000  0.222312
2130.000000  0.222697
2140.000000  0.223324
2150.000000  0.224675
2160.000000  0.225464
2170.000000  0.226356
2180.000000  0.227317
2190.000000  0.228387
2200.000000  0.229218
2210.000000  0.230701
2220.000000  0.231963
2230.000000  0.233073
2240.000000  0.233985
2250.000000  0.234910
2260.000000  0.236032
2270.000000  0.236846
2280.000000  0.238074
2290.000000  0.239077
2300.000000  0.240066
2310.000000  0.240991
2320.000000  0.241163
2330.000000  0.242217
2340.000000  0.243733
2350.000000  0.244380
2360.000000  0.245081
2370.000000  0.245776
2380.000000  0.246400
2390.000000  0.248326
2400.000000  0.249131
2410.000000  0.250685
2420.000000  0.252306
2430.000000  0.253507
2440.000000  0.254469
2450.000000  0.255562
2460.000000  0.256880
2470.000000  0.257725
2480.000000  0.258566
2490.000000  0.259910
2500.000000  0.261105
2510.000000  0.261689
2520.000000  0.262832
2530.000000  0.262858
2540.000000  0.264559
2550.000000  0.263769
2560.000000  0.264915
2570.000000  0.266245
2580.000000  0.266779
2590.000000  0.267347
2600.000000  0.269103
2610.000000  0.269800
2620.000000  0.270372
2630.000000  0.270939
2640.000000  0.271501
2650.000000  0.272058
2660.000000  0.272610
2670.000000  0.273157
2680.000000  0.273699
2690.000000  0.274236
2700.000000  0.274768
2710.000000  0.275295
2720.000000  0.275817
2730.000000  0.276333
2740.000000  0.276845
2750.000000  0.277352
2760.000000  0.277853
2770.000000  0.278350
2780.000000  0.278841
2790.000000  0.279328
2800.000000  0.279809
2810.000000  0.280286
2820.000000  0.280757
2830.000000  0.281224
2840.000000  0.281685
2850.000000  0.282141
2860.000000  0.282592
2870.000000  0.283039
2880.000000  0.283480
2890.000000  0.283916
2900.000000  0.284347
2910.000000  0.284773
2920.000000  0.285194
2930.000000  0.285610
2940.000000  0.286021
2950.000000  0.286426
2960.000000  0.286827
2970.000000  0.287223
2980.000000  0.287614
2990.000000  0.287999
3000.000000  0.288380
3010.000000  0.288756
3020.000000  0.289126
3030.000000  0.289492
3040.000000  0.289852
3050.000000  0.290208
3060.000000  0.290558
3070.000000  0.290904
3080.000000  0.291244
3090.000000  0.291579
3100.000000  0.291909
3110.000000  0.292235
3120.000000  0.292555
3130.000000  0.292870
3140.000000  0.293180
3150.000000  0.293485
3160.000000  0.293785
3170.000000  0.294080
3180.000000  0.294370
3190.000000  0.294655
3200.000000  0.294935
3210.000000  0.295209
3220.000000  0.295479
3230.000000  0.295744
3240.000000  0.296003
3250.000000  0.296258
3260.000000  0.296508
3270.000000  0.296752
3280.000000  0.296992
3290.000000  0.297226
3300.000000  0.297456
3310.000000  0.297680
3320.000000  0.297899
3330.000000  0.298114
3340.000000  0.298323
3350.000000  0.298527
3360.000000  0.298726
3370.000000  0.298920
3380.000000  0.299110
3390.000000  0.299294
3400.000000  0.299473
3410.000000  0.299647
3420.000000  0.299816
3430.000000  0.299979
3440.000000  0.300138
3450.000000  0.300292
3460.000000  0.300441
3470.000000  0.300585
3480.000000  0.300723
3490.000000  0.300857
3500.000000  0.300986
3510.000000  0.301109
3520.000000  0.301228
3530.000000  0.301341
3540.000000  0.301450
3550.000000  0.301553
3560.000000  0.301651
3570.000000  0.301745
3580.000000  0.301833
3590.000000  0.301916
3600.000000  0.302518
