8.666300000000000392e-02
8.807700000000000251e-02
8.923699999999999688e-02
9.061400000000000010e-02
9.193700000000000483e-02
9.296899999999999609e-02
9.452099999999999391e-02
9.535399999999999432e-02
9.675999999999999879e-02
9.775999999999999968e-02
9.909800000000000553e-02
9.997100000000000430e-02
1.017779999999999935e-01
1.023609999999999937e-01
1.038450000000000067e-01
1.051350000000000062e-01
1.073080000000000006e-01
1.082879999999999954e-01
1.096130000000000021e-01
1.107260000000000050e-01
1.121579999999999938e-01
1.130069999999999963e-01
1.134499999999999953e-01
1.141640000000000016e-01
1.145700000000000052e-01
1.149219999999999964e-01
1.147660000000000069e-01
1.146589999999999970e-01
1.145229999999999998e-01
1.145680000000000032e-01
1.147500000000000048e-01
1.147630000000000039e-01
1.148900000000000060e-01
1.148850000000000010e-01
1.151739999999999986e-01
1.156370000000000037e-01
1.159509999999999985e-01
1.166579999999999978e-01
1.170390000000000041e-01
1.179380000000000012e-01
1.183229999999999976e-01
1.190459999999999990e-01
1.198599999999999943e-01
1.209589999999999971e-01
1.220060000000000033e-01
1.231750000000000067e-01
1.243950000000000056e-01
1.255179999999999907e-01
1.268350000000000033e-01
1.282840000000000091e-01
1.295920000000000127e-01
1.308360000000000078e-01
1.319970000000000032e-01
1.333179999999999921e-01
1.340909999999999880e-01
1.349839999999999929e-01
1.358399999999999885e-01
1.363739999999999952e-01
1.371400000000000119e-01
1.377639999999999976e-01
1.385359999999999925e-01
1.393139999999999934e-01
1.402410000000000045e-01
1.406219999999999970e-01
1.411949999999999872e-01
1.422170000000000101e-01
1.427339999999999998e-01
1.436919999999999864e-01
1.445369999999999988e-01
1.455789999999999862e-01
1.465569999999999928e-01
1.475239999999999885e-01
1.488079999999999958e-01
1.498400000000000010e-01
1.514349999999999863e-01
1.520060000000000022e-01
1.526899999999999924e-01
1.545090000000000074e-01
1.552449999999999941e-01
1.574840000000000129e-01
1.580940000000000123e-01
1.597389999999999921e-01
1.610379999999999867e-01
1.621479999999999866e-01
1.631150000000000100e-01
1.643239999999999978e-01
1.652500000000000080e-01
1.664569999999999939e-01
1.674130000000000063e-01
1.684549999999999936e-01
1.694730000000000125e-01
1.703469999999999984e-01
1.711739999999999928e-01
1.724269999999999969e-01
1.730540000000000134e-01
1.737750000000000128e-01
1.745440000000000047e-01
1.751070000000000126e-01
1.757920000000000038e-01
1.768240000000000089e-01
1.775220000000000131e-01
1.785720000000000085e-01
1.792680000000000107e-01
1.797559999999999991e-01
1.805229999999999890e-01
1.817020000000000024e-01
1.823390000000000011e-01
1.830370000000000053e-01
1.837149999999999894e-01
1.843859999999999943e-01
1.857469999999999954e-01
1.864530000000000076e-01
1.871470000000000078e-01
1.879820000000000102e-01
1.888150000000000106e-01
1.896750000000000103e-01
1.907719999999999971e-01
1.912709999999999966e-01
1.920900000000000107e-01
1.928829999999999989e-01
1.940280000000000060e-01
1.951749999999999874e-01
1.956809999999999938e-01
1.969809999999999894e-01
1.986400000000000110e-01
1.992569999999999897e-01
2.000300000000000133e-01
2.000300000000000133e-01
2.019759999999999889e-01
2.021709999999999896e-01
2.026040000000000063e-01
2.045119999999999993e-01
2.049070000000000058e-01
2.061230000000000007e-01
2.069509999999999961e-01
2.078129999999999977e-01
2.085909999999999986e-01
2.091429999999999956e-01
2.102410000000000112e-01
2.108369999999999966e-01
2.118240000000000123e-01
2.129350000000000409e-01
2.138049999999999951e-01
2.148929999999999729e-01
2.153150000000000064e-01
2.162969999999999893e-01
2.167509999999999992e-01
2.171980000000000022e-01
2.187000000000000055e-01
2.196160000000000057e-01
2.206210000000000115e-01
2.213529999999999942e-01
2.223120000000000096e-01
2.226970000000000061e-01
2.233239999999999947e-01
2.246750000000000136e-01
2.254639999999999977e-01
2.263560000000000016e-01
2.273169999999999913e-01
2.283870000000000067e-01
2.292180000000000051e-01
2.307009999999999894e-01
2.319630000000000025e-01
2.330730000000000024e-01
2.339849999999999985e-01
2.349100000000000077e-01
2.360319999999999918e-01
2.368460000000000010e-01
2.380740000000000078e-01
2.390770000000000117e-01
2.400660000000000016e-01
2.409910000000000108e-01
2.411629999999999885e-01
2.422169999999999879e-01
2.437330000000000052e-01
2.443799999999999861e-01
2.450809999999999933e-01
2.457759999999999945e-01
2.464000000000000079e-01
2.483259999999999912e-01
2.491309999999999913e-01
2.506849999999999912e-01
2.523059999999999747e-01
2.535069999999999824e-01
2.544690000000000007e-01
2.555620000000000114e-01
2.568799999999999972e-01
2.577249999999999819e-01
2.585660000000000180e-01
2.599099999999999744e-01
2.611049999999999760e-01
2.616890163934426639e-01
2.628321311475409483e-01
2.628583495934959657e-01
2.645589999999999886e-01
2.637685317460315981e-01
2.649154803149606496e-01
2.662448346456692816e-01
2.667788914728682070e-01
2.673468372093023016e-01
2.691025999999998031e-01
2.703591044763789530e-01
2.706395350927074950e-01
2.709199657090360369e-01
2.712003963253645233e-01
2.714808269416930653e-01
2.717612575580216072e-01
2.720416881743501492e-01
2.723221187906786911e-01
2.726025494070072330e-01
2.728829800233357195e-01
2.731634106396642614e-01
2.734438412559928033e-01
2.737242718723213453e-01
2.740047024886498317e-01
2.742851331049783736e-01
2.745655637213069156e-01
2.748459943376354575e-01
2.751264249539639994e-01
2.754068555702925414e-01
2.756872861866210278e-01
2.759677168029495697e-01
2.762481474192781117e-01
2.765285780356066536e-01
2.768090086519351400e-01
2.770894392682636820e-01
2.773698698845922239e-01
2.776503005009207659e-01
2.779307311172493078e-01
2.782111617335778497e-01
2.784915923499063362e-01
2.787720229662348781e-01
2.790524535825634200e-01
2.793328841988919620e-01
2.796133148152204484e-01
2.798937454315489903e-01
2.801741760478775323e-01
2.804546066642060742e-01
2.807350372805346161e-01
2.810154678968631581e-01
2.812958985131916445e-01
2.815763291295201864e-01
2.818567597458487284e-01
2.821371903621772703e-01
2.824176209785057567e-01
2.826980515948342987e-01
2.829784822111628406e-01
2.832589128274913826e-01
2.835393434438199245e-01
2.838197740601484664e-01
2.841002046764769529e-01
2.843806352928054948e-01
2.846610659091340367e-01
2.849414965254625232e-01
2.852219271417910651e-01
2.855023577581196070e-01
2.857827883744481490e-01
2.860632189907766909e-01
2.863436496071052328e-01
2.866240802234337748e-01
2.869045108397622612e-01
2.871849414560908031e-01
2.874653720724193451e-01
2.877458026887478315e-01
2.880262333050763734e-01
2.883066639214049154e-01
2.885870945377334573e-01
2.888675251540619993e-01
2.891479557703905412e-01
2.894283863867190276e-01
2.897088170030475696e-01
2.899892476193761115e-01
2.902696782357046534e-01
2.905501088520331399e-01
2.908305394683616818e-01
2.911109700846902237e-01
2.913914007010187657e-01
2.916718313173473076e-01
2.919522619336758495e-01
2.922326925500043360e-01
2.925131231663328779e-01
2.927935537826614198e-01
2.930739843989899618e-01
2.933544150153184482e-01
2.936348456316469901e-01
2.939152762479755321e-01
2.941957068643040740e-01
2.944761374806326160e-01
2.947565680969611579e-01
2.950369987132896443e-01
2.953174293296181863e-01
2.955978599459467282e-01
2.958782905622752701e-01
2.961587211786037566e-01
2.964391517949322985e-01
2.967195824112608404e-01
2.970000130275893824e-01
2.972804436439179243e-01
2.975608742602464662e-01
2.978413048765749527e-01
3.025178313253011897e-01
