8.611000000000000598e-02
8.924999999999999600e-02
9.234000000000000541e-02
9.529999999999999583e-02
9.814000000000000501e-02
1.004499999999999976e-01
1.031299999999999994e-01
1.054699999999999943e-01
1.074999999999999983e-01
1.095099999999999962e-01
1.110199999999999937e-01
1.126299999999999940e-01
1.139499999999999957e-01
1.152200000000000030e-01
1.163899999999999935e-01
1.173600000000000060e-01
1.183700000000000030e-01
1.190999999999999975e-01
1.196500000000000064e-01
1.202199999999999935e-01
1.205999999999999989e-01
1.210200000000000026e-01
1.213499999999999995e-01
1.216600000000000042e-01
1.218700000000000061e-01
1.219299999999999967e-01
1.219599999999999990e-01
1.220399999999999957e-01
1.219299999999999967e-01
1.218100000000000016e-01
1.218199999999999977e-01
1.218299999999999939e-01
1.215999999999999998e-01
1.213199999999999973e-01
1.211799999999999961e-01
1.210100000000000064e-01
1.208999999999999936e-01
1.206200000000000050e-01
1.203800000000000009e-01
1.201099999999999945e-01
1.198899999999999966e-01
1.197199999999999931e-01
1.195599999999999996e-01
1.195399999999999935e-01
1.195800000000000057e-01
1.194400000000000045e-01
1.193599999999999939e-01
1.192899999999999933e-01
1.194999999999999951e-01
1.196900000000000047e-01
1.200500000000000039e-01
1.203800000000000009e-01
1.208000000000000046e-01
1.211499999999999938e-01
1.215600000000000014e-01
1.219599999999999990e-01
1.225300000000000000e-01
1.231399999999999995e-01
1.235499999999999932e-01
1.242899999999999977e-01
1.250100000000000100e-01
1.256899999999999962e-01
1.264599999999999891e-01
1.272500000000000020e-01
1.280399999999999872e-01
1.289399999999999991e-01
1.298900000000000055e-01
1.309700000000000031e-01
1.320099999999999885e-01
1.331700000000000106e-01
1.344799999999999884e-01
1.357700000000000018e-01
1.370500000000000052e-01
1.384100000000000052e-01
1.397899999999999976e-01
1.409999999999999865e-01
1.423399999999999943e-01
1.436900000000000122e-01
1.451300000000000090e-01
1.465299999999999936e-01
1.478299999999999892e-01
1.489800000000000013e-01
1.502400000000000124e-01
1.515799999999999925e-01
1.527000000000000024e-01
1.537900000000000100e-01
1.546800000000000119e-01
1.557800000000000018e-01
1.567600000000000104e-01
1.576599999999999946e-01
1.584399999999999975e-01
1.592000000000000082e-01
1.598999999999999866e-01
1.606100000000000028e-01
1.611299999999999955e-01
1.616900000000000004e-01
1.621299999999999963e-01
1.625699999999999923e-01
1.629299999999999915e-01
1.631799999999999917e-01
1.635399999999999909e-01
1.639100000000000001e-01
1.642399999999999971e-01
1.645000000000000073e-01
1.647200000000000053e-01
1.648799999999999988e-01
1.651499999999999913e-01
1.652099999999999957e-01
1.652700000000000002e-01
1.653000000000000025e-01
1.651799999999999935e-01
1.656499999999999917e-01
1.658199999999999952e-01
1.659899999999999987e-01
1.659299999999999942e-01
1.659299999999999942e-01
1.657800000000000107e-01
1.656100000000000072e-01
1.657299999999999884e-01
1.658100000000000129e-01
1.659599999999999964e-01
1.660300000000000109e-01
1.660999999999999976e-01
1.661799999999999944e-01
1.664400000000000046e-01
1.665699999999999958e-01
1.666300000000000003e-01
1.668499999999999983e-01
1.669400000000000051e-01
1.672399999999999998e-01
1.673900000000000110e-01
1.675200000000000022e-01
1.681300000000000017e-01
1.683999999999999941e-01
1.686400000000000121e-01
1.689900000000000013e-01
1.691900000000000071e-01
1.693300000000000083e-01
1.700099999999999945e-01
1.701000000000000012e-01
1.708999999999999964e-01
1.714700000000000113e-01
1.720200000000000062e-01
1.736000000000000321e-01
1.739999999999999880e-01
1.749499999999999944e-01
1.750299999999999911e-01
1.759499999999999953e-01
1.764499999999999957e-01
1.772499999999999909e-01
1.781600000000000128e-01
1.789100000000000135e-01
1.801399999999999946e-01
1.809600000000000097e-01
1.815700000000000092e-01
1.825600000000000001e-01
1.835400000000000087e-01
1.843500000000000139e-01
1.850100000000000078e-01
1.859300000000000119e-01
1.872099999999999875e-01
1.882000000000000062e-01
1.896599999999999953e-01
1.905300000000000049e-01
1.912200000000000011e-01
1.922599999999999865e-01
1.933799999999999963e-01
1.944500000000000117e-01
1.949799999999999867e-01
1.957000000000000128e-01
1.971799999999999942e-01
1.976900000000000046e-01
1.989299999999999957e-01
2.001100000000000101e-01
2.007799999999999863e-01
2.016400000000000137e-01
2.022500000000000131e-01
2.030599999999999905e-01
2.039700000000000124e-01
2.051099999999999868e-01
2.059699999999999864e-01
2.066800000000000026e-01
2.075599999999999945e-01
2.083500000000000074e-01
2.090599999999999958e-01
2.098899999999999932e-01
2.106899999999999884e-01
2.116899999999999893e-01
2.126800000000000079e-01
2.134000000000000064e-01
2.140499999999999903e-01
2.144899999999999862e-01
2.151000000000000134e-01
2.159000000000000086e-01
2.163899999999999990e-01
2.167100000000000137e-01
2.174184615384615327e-01
2.180823076923077142e-01
2.187884615384615150e-01
2.194584615384615189e-01
2.200738461538461477e-01
2.232306780275941649e-01
2.235078860953101931e-01
2.237850941630262769e-01
2.240623022307423051e-01
2.243395102984583611e-01
2.246167183661744171e-01
2.248939264338904453e-01
2.251711345016065013e-01
2.254483425693225573e-01
2.257255506370385856e-01
2.260027587047546416e-01
2.262799667724706976e-01
2.265571748401867258e-01
2.268343829079028096e-01
2.271115909756188378e-01
2.273887990433348938e-01
2.276660071110509498e-01
2.279432151787669780e-01
2.282204232464830340e-01
2.284976313141990900e-01
2.287748393819151183e-01
2.290520474496311742e-01
2.293292555173472302e-01
2.296064635850632585e-01
2.298836716527793422e-01
2.301608797204953705e-01
2.304380877882114265e-01
2.307152958559274825e-01
2.309925039236435107e-01
2.312697119913595667e-01
2.315469200590756227e-01
2.318241281267916509e-01
2.321013361945077069e-01
2.323785442622237629e-01
2.326557523299397912e-01
2.329329603976558749e-01
2.332101684653719031e-01
2.334873765330879591e-01
2.337645846008040151e-01
2.340417926685200434e-01
2.343190007362360994e-01
2.345962088039521554e-01
2.348734168716681836e-01
2.351506249393842396e-01
2.354278330071002956e-01
2.357050410748163238e-01
2.359822491425324076e-01
2.362594572102484358e-01
2.365366652779644918e-01
2.368138733456805478e-01
2.370910814133965760e-01
2.373682894811126320e-01
2.376454975488286880e-01
2.379227056165447163e-01
2.381999136842607723e-01
2.384771217519768283e-01
2.387543298196928565e-01
2.390315378874089403e-01
2.393087459551249685e-01
2.395859540228410245e-01
2.398631620905570805e-01
2.401403701582731087e-01
2.404175782259891647e-01
2.406947862937052207e-01
2.409719943614212490e-01
2.412492024291373049e-01
2.415264104968533609e-01
2.418036185645693892e-01
2.420808266322854729e-01
2.423580347000015012e-01
2.426352427677175572e-01
2.429124508354336132e-01
2.431896589031496414e-01
2.434668669708656974e-01
2.437440750385817534e-01
2.440212831062977816e-01
2.442984911740138376e-01
2.445756992417298936e-01
2.448529073094459219e-01
2.451301153771620056e-01
2.454073234448780338e-01
2.456845315125940898e-01
2.459617395803101458e-01
2.462389476480261741e-01
2.465161557157422301e-01
2.467933637834582861e-01
2.470705718511743143e-01
2.473477799188903703e-01
2.476249879866064263e-01
2.479021960543224545e-01
2.481794041220385383e-01
2.484566121897545665e-01
2.487338202574706225e-01
2.490110283251866785e-01
2.492882363929027068e-01
2.495654444606187627e-01
2.498426525283348187e-01
2.501198605960508470e-01
2.503970686637668752e-01
2.511120000000000019e-01
