9.529999999999999583e-02
9.829999999999999849e-02
1.013399999999999995e-01
1.042700000000000016e-01
1.065900000000000042e-01
1.087999999999999939e-01
1.112900000000000000e-01
1.136899999999999994e-01
1.158200000000000063e-01
1.178499999999999964e-01
1.198499999999999982e-01
1.219900000000000012e-01
1.235600000000000032e-01
1.252399999999999902e-01
1.269800000000000095e-01
1.281299999999999939e-01
1.295600000000000085e-01
1.308699999999999863e-01
1.321199999999999875e-01
1.329799999999999871e-01
1.340200000000000002e-01
1.349799999999999889e-01
1.358199999999999963e-01
1.363800000000000012e-01
1.370000000000000107e-01
1.377599999999999936e-01
1.380099999999999938e-01
1.383800000000000030e-01
1.386400000000000132e-01
1.387299999999999922e-01
1.389499999999999902e-01
1.391499999999999959e-01
1.391199999999999937e-01
1.390099999999999947e-01
1.390500000000000069e-01
1.394499999999999906e-01
1.397400000000000031e-01
1.399199999999999888e-01
1.398899999999999866e-01
1.395699999999999996e-01
1.392400000000000027e-01
1.392500000000000127e-01
1.395800000000000096e-01
1.398999999999999966e-01
1.398899999999999866e-01
1.398099999999999898e-01
1.398199999999999998e-01
1.399600000000000011e-01
1.401100000000000123e-01
1.404299999999999993e-01
1.406300000000000050e-01
1.407599999999999962e-01
1.409700000000000120e-01
1.415099999999999969e-01
1.423999999999999988e-01
1.433800000000000074e-01
1.442400000000000071e-01
1.446600000000000108e-01
1.453200000000000047e-01
1.461300000000000099e-01
1.469699999999999895e-01
1.475499999999999867e-01
1.482499999999999929e-01
1.488800000000000123e-01
1.499399999999999900e-01
1.510499999999999898e-01
1.524199999999999999e-01
1.534899999999999876e-01
1.544300000000000117e-01
1.558700000000000085e-01
1.574299999999999866e-01
1.588900000000000035e-01
1.602600000000000136e-01
1.614800000000000124e-01
1.628300000000000025e-01
1.641499999999999904e-01
1.657599999999999907e-01
1.670899999999999885e-01
1.683300000000000074e-01
1.698800000000000032e-01
1.713800000000000046e-01
1.726399999999999879e-01
1.739400000000000113e-01
1.752299999999999969e-01
1.764900000000000080e-01
1.776999999999999968e-01
1.787100000000000077e-01
1.798700000000000021e-01
1.810799999999999910e-01
1.821599999999999886e-01
1.830400000000000083e-01
1.839999999999999969e-01
1.846399999999999986e-01
1.853700000000000070e-01
1.861500000000000099e-01
1.868200000000000138e-01
1.872300000000000075e-01
1.875100000000000100e-01
1.878599999999999992e-01
1.884099999999999941e-01
1.889099999999999946e-01
1.890300000000000036e-01
1.894000000000000128e-01
1.897600000000000120e-01
1.896200000000000108e-01
1.896599999999999953e-01
1.897000000000000075e-01
1.897800000000000042e-01
1.902800000000000047e-01
1.903400000000000092e-01
1.908999999999999864e-01
1.908199999999999896e-01
1.907800000000000051e-01
1.907000000000000084e-01
1.905799999999999994e-01
1.908799999999999941e-01
1.913900000000000046e-01
1.914299999999999891e-01
1.916299999999999948e-01
1.918100000000000083e-01
1.920499999999999985e-01
1.924899999999999944e-01
1.927899999999999892e-01
1.929200000000000081e-01
1.930699999999999916e-01
1.930999999999999939e-01
1.932399999999999951e-01
1.933499999999999941e-01
1.936499999999999888e-01
1.937800000000000078e-01
1.940600000000000103e-01
1.943100000000000105e-01
1.947299999999999864e-01
1.950300000000000089e-01
1.951700000000000101e-01
1.952299999999999869e-01
1.955800000000000038e-01
1.958199999999999941e-01
1.962599999999999900e-01
1.969899999999999984e-01
1.975399999999999934e-01
1.975800000000000056e-01
1.980000000000000093e-01
1.985999999999999988e-01
1.991100000000000092e-01
1.993499999999999994e-01
2.001999999999999891e-01
2.006900000000000073e-01
2.013699999999999934e-01
2.018600000000000116e-01
2.024700000000000111e-01
2.031699999999999895e-01
2.042899999999999994e-01
2.046600000000000086e-01
2.055500000000000105e-01
2.063000000000000111e-01
2.072700000000000098e-01
2.082400000000000084e-01
2.089399999999999868e-01
2.093599999999999905e-01
2.103500000000000092e-01
2.113599999999999923e-01
2.119199999999999973e-01
2.128299999999999914e-01
2.142699999999999882e-01
2.150199999999999889e-01
2.159300000000000108e-01
2.166399999999999992e-01
2.176400000000000001e-01
2.184000000000000108e-01
2.199500000000000066e-01
2.207699999999999940e-01
2.215000000000000024e-01
2.218799999999999939e-01
2.230199999999999960e-01
2.239200000000000079e-01
2.248100000000000098e-01
2.254299999999999915e-01
2.261900000000000022e-01
2.269100000000000006e-01
2.280399999999999927e-01
2.290800000000000058e-01
2.301400000000000112e-01
2.314100000000000046e-01
2.322299999999999920e-01
2.332200000000000106e-01
2.341199999999999948e-01
2.344999999999999862e-01
2.354300000000000004e-01
2.365400000000000003e-01
2.367900000000000005e-01
2.376199999999999979e-01
2.381800000000000028e-01
2.393299999999999872e-01
2.402799999999999936e-01
2.409999999999999920e-01
2.417538461538461247e-01
2.425223076923077037e-01
2.431838461538461116e-01
2.439738461538461523e-01
2.446099999999999941e-01
2.478909333152312100e-01
2.481708310537722451e-01
2.484507287923132801e-01
2.487306265308543152e-01
2.490105242693953502e-01
2.492904220079364130e-01
2.495703197464774481e-01
2.498502174850185109e-01
2.501301152235595460e-01
2.504100129621005810e-01
2.506899107006416161e-01
2.509698084391826511e-01
2.512497061777236862e-01
2.515296039162647768e-01
2.518095016548058118e-01
2.520893993933468469e-01
2.523692971318878819e-01
2.526491948704289170e-01
2.529290926089699520e-01
2.532089903475109871e-01
2.534888880860520777e-01
2.537687858245931127e-01
2.540486835631341478e-01
2.543285813016751828e-01
2.546084790402162179e-01
2.548883767787572530e-01
2.551682745172982880e-01
2.554481722558393786e-01
2.557280699943803581e-01
2.560079677329214487e-01
2.562878654714624838e-01
2.565677632100035188e-01
2.568476609485445539e-01
2.571275586870855889e-01
2.574074564256266795e-01
2.576873541641676590e-01
2.579672519027087496e-01
2.582471496412497847e-01
2.585270473797908197e-01
2.588069451183318548e-01
2.590868428568728898e-01
2.593667405954139249e-01
2.596466383339549600e-01
2.599265360724960505e-01
2.602064338110370856e-01
2.604863315495781206e-01
2.607662292881191557e-01
2.610461270266601908e-01
2.613260247652012258e-01
2.616059225037422609e-01
2.618858202422833514e-01
2.621657179808243865e-01
2.624456157193654215e-01
2.627255134579064566e-01
2.630054111964474917e-01
2.632853089349885267e-01
2.635652066735295618e-01
2.638451044120706523e-01
2.641250021506116874e-01
2.644048998891527225e-01
2.646847976276937575e-01
2.649646953662347926e-01
2.652445931047758276e-01
2.655244908433168627e-01
2.658043885818579533e-01
2.660842863203989328e-01
2.663641840589400234e-01
2.666440817974810584e-01
2.669239795360220935e-01
2.672038772745631285e-01
2.674837750131041636e-01
2.677636727516452542e-01
2.680435704901862337e-01
2.683234682287273243e-01
2.686033659672683593e-01
2.688832637058093944e-01
2.691631614443504295e-01
2.694430591828914645e-01
2.697229569214324996e-01
2.700028546599735346e-01
2.702827523985146252e-01
2.705626501370556602e-01
2.708425478755966953e-01
2.711224456141377304e-01
2.714023433526787654e-01
2.716822410912198005e-01
2.719621388297608355e-01
2.722420365683019261e-01
2.725219343068429612e-01
2.728018320453839962e-01
2.730817297839250313e-01
2.733616275224660663e-01
2.736415252610071014e-01
2.739214229995481364e-01
2.742013207380892270e-01
2.744812184766302621e-01
2.747611162151712971e-01
2.750410139537123322e-01
2.753209116922533672e-01
2.764979999999999660e-01
