600.000000  0.056130
610.000000  0.057280
620.000000  0.058440
630.000000  0.059480
640.000000  0.060530
650.000000  0.061630
660.000000  0.063020
670.000000  0.064380
680.000000  0.065530
690.000000  0.067210
700.000000  0.068500
710.000000  0.070260
720.000000  0.072070
730.000000  0.073780
740.000000  0.076000
750.000000  0.077760
760.000000  0.080040
770.000000  0.082480
780.000000  0.084800
790.000000  0.087310
800.000000  0.089930
810.000000  0.092740
820.000000  0.095400
830.000000  0.098160
840.000000  0.100770
850.000000  0.103520
860.000000  0.106180
870.000000  0.108710
880.000000  0.111260
890.000000  0.113540
900.000000  0.115860
910.000000  0.118030
920.000000  0.120020
930.000000  0.121650
940.000000  0.122900
950.000000  0.124390
960.000000  0.125570
970.000000  0.126300
980.000000  0.126930
990.000000  0.127400
1000.000000  0.127430
1010.000000  0.127810
1020.000000  0.128010
1030.000000  0.128200
1040.000000  0.128190
1050.000000  0.127950
1060.000000  0.127630
1070.000000  0.127470
1080.000000  0.127060
1090.000000  0.126540
1100.000000  0.126340
1110.000000  0.126160
1120.000000  0.125840
1130.000000  0.125630
1140.000000  0.125510
1150.000000  0.125490
1160.000000  0.125640
1170.000000  0.125740
1180.000000  0.125680
1190.000000  0.125490
1200.000000  0.125260
1210.000000  0.125220
1220.000000  0.125230
1230.000000  0.125370
1240.000000  0.125780
1250.000000  0.126410
1260.000000  0.127230
1270.000000  0.128210
1280.000000  0.128900
1290.000000  0.129810
1300.000000  0.130880
1310.000000  0.132200
1320.000000  0.133460
1330.000000  0.134830
1340.000000  0.135960
1350.000000  0.136920
1360.000000  0.138360
1370.000000  0.139700
1380.000000  0.141100
1390.000000  0.142430
1400.000000  0.143820
1410.000000  0.144960
1420.000000  0.146290
1430.000000  0.147590
1440.000000  0.148740
1450.000000  0.149740
1460.000000  0.151010
1470.000000  0.152140
1480.000000  0.153230
1490.000000  0.154060
1500.000000  0.155060
1510.000000  0.156160
1520.000000  0.157050
1530.000000  0.157880
1540.000000  0.158620
1550.000000  0.159170
1560.000000  0.159810
1570.000000  0.160540
1580.000000  0.161220
1590.000000  0.161990
1600.000000  0.162930
1610.000000  0.163790
1620.000000  0.164670
1630.000000  0.165420
1640.000000  0.166140
1650.000000  0.167090
1660.000000  0.168050
1670.000000  0.168930
1680.000000  0.169470
1690.000000  0.170270
1700.000000  0.171260
1710.000000  0.172250
1720.000000  0.173090
1730.000000  0.173940
1740.000000  0.174470
1750.000000  0.175510
1760.000000  0.175950
1770.000000  0.176590
1780.000000  0.177110
1790.000000  0.177900
1800.000000  0.178670
1810.000000  0.178840
1820.000000  0.179440
1830.000000  0.179820
1840.000000  0.180340
1850.000000  0.180980
1860.000000  0.181380
1870.000000  0.182240
1880.000000  0.182940
1890.000000  0.183710
1900.000000  0.183930
1910.000000  0.184230
1920.000000  0.185040
1930.000000  0.185700
1940.000000  0.185920
1950.000000  0.186780
1960.000000  0.186960
1970.000000  0.187640
1980.000000  0.188220
1990.000000  0.188410
2000.000000  0.189040
2010.000000  0.189190
2020.000000  0.189530
2030.000000  0.190050
2040.000000  0.190650
2050.000000  0.191060
2060.000000  0.191140
2070.000000  0.192070
2080.000000  0.192390
2090.000000  0.193100
2100.000000  0.193460
2110.000000  0.194000
2120.000000  0.194480
2130.000000  0.195120
2140.000000  0.195650
2150.000000  0.196610
2160.000000  0.197320
2170.000000  0.197610
2180.000000  0.198380
2190.000000  0.199090
2200.000000  0.199780
2210.000000  0.200170
2220.000000  0.200630
2230.000000  0.202180
2240.000000  0.203210
2250.000000  0.203340
2260.000000  0.204210
2270.000000  0.204620
2280.000000  0.205680
2290.000000  0.206440
2300.000000  0.206640
2310.000000  0.207790
2320.000000  0.208140
2330.000000  0.208710
2340.000000  0.209080
2350.000000  0.210260
2360.000000  0.209970
2370.000000  0.210530
2380.000000  0.211200
2390.000000  0.212090
2400.000000  0.212370
2410.000000  0.213270
2420.000000  0.214070
2430.000000  0.214790
2440.000000  0.215950
2450.000000  0.216450
2460.000000  0.216930
2470.000000  0.217810
2480.000000  0.218890
2490.000000  0.219570
2500.000000  0.219640
2510.000000  0.220450
2520.000000  0.220820
2530.000000  0.221730
2540.000000  0.221940
2550.000000  0.222550
2560.000000  0.223318
2570.000000  0.224118
2580.000000  0.224936
2590.000000  0.225695
2600.000000  0.226322
2610.000000  0.227183
2620.000000  0.228053
2630.000000  0.228856
2640.000000  0.229332
2650.000000  0.229985
2660.000000  0.230900
2670.000000  0.232230
2680.000000  0.232570
2690.000000  0.232986
2700.000000  0.233585
2710.000000  0.234385
2720.000000  0.235052
2730.000000  0.235709
2740.000000  0.236358
2750.000000  0.236998
2760.000000  0.237629
2770.000000  0.238251
2780.000000  0.238863
2790.000000  0.239467
2800.000000  0.240062
2810.000000  0.240648
2820.000000  0.241225
2830.000000  0.241794
2840.000000  0.242353
2850.000000  0.242903
2860.000000  0.243444
2870.000000  0.243976
2880.000000  0.244500
2890.000000  0.245014
2900.000000  0.245519
2910.000000  0.246016
2920.000000  0.246503
2930.000000  0.246982
2940.000000  0.247451
2950.000000  0.247912
2960.000000  0.248363
2970.000000  0.248806
2980.000000  0.249240
2990.000000  0.249664
3000.000000  0.250080
3010.000000  0.250487
3020.000000  0.250885
3030.000000  0.251274
3040.000000  0.251653
3050.000000  0.252024
3060.000000  0.252386
3070.000000  0.252739
3080.000000  0.253083
3090.000000  0.253418
3100.000000  0.253745
3110.000000  0.254062
3120.000000  0.254370
3130.000000  0.254669
3140.000000  0.254959
3150.000000  0.255241
3160.000000  0.255513
3170.000000  0.255776
3180.000000  0.256031
3190.000000  0.256276
3200.000000  0.256513
3210.000000  0.256740
3220.000000  0.256959
3230.000000  0.257169
3240.000000  0.257369
3250.000000  0.257561
3260.000000  0.257744
3270.000000  0.257917
3280.000000  0.258082
3290.000000  0.258238
3300.000000  0.258385
3310.000000  0.258523
3320.000000  0.258652
3330.000000  0.258772
3340.000000  0.258883
3350.000000  0.258985
3360.000000  0.259078
3370.000000  0.259162
3380.000000  0.259237
3390.000000  0.259303
3400.000000  0.259361
3410.000000  0.259409
3420.000000  0.259448
3430.000000  0.259479
3440.000000  0.259500
3450.000000  0.259513
3460.000000  0.259516
3470.000000  0.259511
3480.000000  0.259496
3490.000000  0.259473
3500.000000  0.259440
3510.000000  0.259399
3520.000000  0.259349
3530.000000  0.259289
3540.000000  0.259221
3550.000000  0.259144
3560.000000  0.259058
3570.000000  0.258963
3580.000000  0.258859
3590.000000  0.258746
3600.000000  0.258862
