7.642999999999999794e-02
7.885999999999999954e-02
8.147999999999999687e-02
8.416999999999999482e-02
8.630999999999999783e-02
8.842999999999999472e-02
9.096999999999999531e-02
9.311999999999999444e-02
9.485999999999999988e-02
9.694999999999999452e-02
9.869999999999999607e-02
1.005599999999999966e-01
1.023000000000000020e-01
1.038400000000000017e-01
1.054900000000000004e-01
1.067499999999999977e-01
1.082400000000000029e-01
1.093400000000000066e-01
1.105700000000000016e-01
1.118500000000000050e-01
1.128699999999999981e-01
1.138900000000000051e-01
1.149799999999999989e-01
1.159300000000000053e-01
1.167699999999999988e-01
1.175199999999999995e-01
1.183199999999999946e-01
1.188499999999999973e-01
1.194599999999999967e-01
1.200500000000000039e-01
1.208700000000000052e-01
1.215799999999999936e-01
1.220600000000000018e-01
1.224299999999999972e-01
1.225699999999999984e-01
1.223299999999999943e-01
1.222099999999999992e-01
1.222099999999999992e-01
1.221499999999999947e-01
1.220299999999999996e-01
1.219999999999999973e-01
1.219699999999999951e-01
1.217099999999999987e-01
1.218100000000000016e-01
1.218700000000000061e-01
1.218500000000000000e-01
1.220699999999999980e-01
1.218199999999999977e-01
1.217899999999999955e-01
1.218500000000000000e-01
1.220099999999999935e-01
1.221099999999999963e-01
1.223299999999999943e-01
1.226700000000000013e-01
1.228400000000000047e-01
1.231000000000000011e-01
1.233100000000000029e-01
1.234999999999999987e-01
1.240799999999999959e-01
1.245499999999999940e-01
1.250100000000000100e-01
1.254300000000000137e-01
1.260999999999999899e-01
1.267999999999999960e-01
1.273199999999999887e-01
1.280799999999999994e-01
1.291700000000000070e-01
1.298499999999999932e-01
1.307999999999999996e-01
1.318900000000000072e-01
1.325800000000000034e-01
1.340300000000000102e-01
1.354100000000000026e-01
1.368300000000000072e-01
1.381499999999999950e-01
1.395399999999999974e-01
1.411799999999999999e-01
1.424700000000000133e-01
1.438399999999999956e-01
1.453500000000000070e-01
1.466000000000000081e-01
1.478099999999999969e-01
1.491599999999999870e-01
1.498599999999999932e-01
1.510700000000000098e-01
1.523700000000000054e-01
1.531099999999999961e-01
1.544500000000000040e-01
1.552199999999999969e-01
1.564500000000000057e-01
1.572800000000000031e-01
1.580199999999999938e-01
1.590999999999999914e-01
1.599599999999999911e-01
1.604200000000000070e-01
1.613400000000000112e-01
1.621599999999999986e-01
1.632399999999999962e-01
1.632800000000000085e-01
1.640099999999999891e-01
1.648100000000000120e-01
1.653699999999999892e-01
1.656199999999999894e-01
1.656299999999999994e-01
1.660399999999999932e-01
1.665200000000000014e-01
1.669299999999999951e-01
1.670899999999999885e-01
1.673399999999999888e-01
1.675800000000000067e-01
1.680599999999999872e-01
1.679900000000000004e-01
1.682400000000000007e-01
1.683800000000000019e-01
1.684799999999999909e-01
1.686499999999999944e-01
1.688999999999999946e-01
1.689700000000000091e-01
1.690300000000000136e-01
1.691300000000000026e-01
1.691400000000000126e-01
1.689799999999999913e-01
1.690800000000000081e-01
1.692700000000000038e-01
1.696199999999999930e-01
1.699400000000000077e-01
1.698199999999999987e-01
1.704600000000000004e-01
1.707799999999999874e-01
1.712500000000000133e-01
1.713399999999999923e-01
1.715500000000000080e-01
1.719400000000000095e-01
1.721799999999999997e-01
1.727899999999999991e-01
1.730200000000000071e-01
1.730099999999999971e-01
1.736499999999999988e-01
1.740700000000000025e-01
1.743399999999999950e-01
1.754100000000000104e-01
1.755400000000000016e-01
1.762900000000000023e-01
1.764600000000000057e-01
1.769900000000000084e-01
1.771999999999999964e-01
1.781600000000000128e-01
1.786000000000000087e-01
1.792700000000000127e-01
1.799499999999999988e-01
1.810799999999999910e-01
1.814500000000000002e-01
1.820799999999999919e-01
1.829800000000000038e-01
1.837000000000000022e-01
1.845799999999999941e-01
1.854200000000000015e-01
1.862300000000000066e-01
1.873799999999999910e-01
1.879099999999999937e-01
1.892099999999999893e-01
1.901100000000000012e-01
1.909800000000000109e-01
1.916200000000000125e-01
1.929599999999999926e-01
1.936199999999999866e-01
1.942300000000000137e-01
1.954100000000000004e-01
1.963100000000000123e-01
1.975099999999999911e-01
1.984299999999999953e-01
1.993099999999999872e-01
1.996499999999999941e-01
2.002899999999999958e-01
2.018600000000000116e-01
2.023699999999999943e-01
2.027799999999999880e-01
2.033800000000000052e-01
2.042599999999999971e-01
2.053300000000000125e-01
2.060599999999999932e-01
2.068399999999999961e-01
2.077600000000000002e-01
2.088800000000000101e-01
2.096800000000000053e-01
2.104100000000000137e-01
2.107300000000000006e-01
2.114099999999999868e-01
2.123400000000000010e-01
2.131299999999999861e-01
2.136599999999999888e-01
2.139099999999999890e-01
2.141299999999999870e-01
2.146599999999999897e-01
2.151299999999999879e-01
2.153599999999999959e-01
2.161346153846153695e-01
2.168346153846153757e-01
2.175715384615384274e-01
2.182553846153846289e-01
2.189776923076922899e-01
2.221187129042416497e-01
2.224195530816437394e-01
2.227203932590458291e-01
2.230212334364479188e-01
2.233220736138499807e-01
2.236229137912520981e-01
2.239237539686541600e-01
2.242245941460562497e-01
2.245254343234583394e-01
2.248262745008604013e-01
2.251271146782625188e-01
2.254279548556645807e-01
2.257287950330666704e-01
2.260296352104687601e-01
2.263304753878708220e-01
2.266313155652729394e-01
2.269321557426750013e-01
2.272329959200770910e-01
2.275338360974791807e-01
2.278346762748812704e-01
2.281355164522833601e-01
2.284363566296854220e-01
2.287371968070875394e-01
2.290380369844896014e-01
2.293388771618916910e-01
2.296397173392937807e-01
2.299405575166958426e-01
2.302413976940979601e-01
2.305422378715000220e-01
2.308430780489021117e-01
2.311439182263042014e-01
2.314447584037062911e-01
2.317455985811083807e-01
2.320464387585104427e-01
2.323472789359125601e-01
2.326481191133146220e-01
2.329489592907167117e-01
2.332497994681188014e-01
2.335506396455208633e-01
2.338514798229229807e-01
2.341523200003250427e-01
2.344531601777271324e-01
2.347540003551292220e-01
2.350548405325313117e-01
2.353556807099334014e-01
2.356565208873354633e-01
2.359573610647375530e-01
2.362582012421396427e-01
2.365590414195417324e-01
2.368598815969438220e-01
2.371607217743458840e-01
2.374615619517480014e-01
2.377624021291500633e-01
2.380632423065521530e-01
2.383640824839542427e-01
2.386649226613563046e-01
2.389657628387584221e-01
2.392666030161604840e-01
2.395674431935625737e-01
2.398682833709646633e-01
2.401691235483667530e-01
2.404699637257688427e-01
2.407708039031709046e-01
2.410716440805730221e-01
2.413724842579750840e-01
2.416733244353771737e-01
2.419741646127792634e-01
2.422750047901813253e-01
2.425758449675834427e-01
2.428766851449855046e-01
2.431775253223875943e-01
2.434783654997896840e-01
2.437792056771917737e-01
2.440800458545938634e-01
2.443808860319959253e-01
2.446817262093980150e-01
2.449825663868001047e-01
2.452834065642021943e-01
2.455842467416042840e-01
2.458850869190063460e-01
2.461859270964084634e-01
2.464867672738105253e-01
2.467876074512126150e-01
2.470884476286147047e-01
2.473892878060167666e-01
2.476901279834188840e-01
2.479909681608209460e-01
2.482918083382230356e-01
2.485926485156251253e-01
2.488934886930272150e-01
2.491943288704293047e-01
2.494951690478313666e-01
2.497960092252334841e-01
2.500968494026355460e-01
2.503976895800376079e-01
2.506985297574397253e-01
2.509993699348417873e-01
2.513002101122439047e-01
2.516010502896459666e-01
2.522959999999999647e-01
