5.612999999999999934e-02
5.727999999999999758e-02
5.843999999999999889e-02
5.947999999999999815e-02
6.053000000000000047e-02
6.162999999999999728e-02
6.302000000000000657e-02
6.438000000000000667e-02
6.553000000000000491e-02
6.721000000000000585e-02
6.850000000000000533e-02
7.026000000000000301e-02
7.206999999999999518e-02
7.377999999999999836e-02
7.599999999999999811e-02
7.775999999999999579e-02
8.004000000000000004e-02
8.247999999999999776e-02
8.480000000000000038e-02
8.730999999999999872e-02
8.992999999999999605e-02
9.274000000000000299e-02
9.539999999999999869e-02
9.815999999999999726e-02
1.007699999999999985e-01
1.035200000000000009e-01
1.061799999999999966e-01
1.087100000000000011e-01
1.112599999999999978e-01
1.135400000000000020e-01
1.158600000000000046e-01
1.180299999999999960e-01
1.200200000000000017e-01
1.216499999999999942e-01
1.228999999999999954e-01
1.243900000000000006e-01
1.255699999999999872e-01
1.262999999999999956e-01
1.269299999999999873e-01
1.274000000000000132e-01
1.274299999999999877e-01
1.278100000000000069e-01
1.280100000000000127e-01
1.282000000000000084e-01
1.281899999999999984e-01
1.279500000000000082e-01
1.276299999999999935e-01
1.274700000000000000e-01
1.270600000000000063e-01
1.265400000000000136e-01
1.263400000000000079e-01
1.261599999999999944e-01
1.258400000000000074e-01
1.256299999999999917e-01
1.255100000000000104e-01
1.254899999999999904e-01
1.256400000000000017e-01
1.257399999999999907e-01
1.256799999999999862e-01
1.254899999999999904e-01
1.252600000000000102e-01
1.252199999999999980e-01
1.252300000000000080e-01
1.253700000000000092e-01
1.257800000000000029e-01
1.264099999999999946e-01
1.272300000000000098e-01
1.282099999999999906e-01
1.288999999999999868e-01
1.298100000000000087e-01
1.308799999999999963e-01
1.322000000000000119e-01
1.334599999999999953e-01
1.348300000000000054e-01
1.359599999999999975e-01
1.369199999999999862e-01
1.383600000000000108e-01
1.396999999999999909e-01
1.411000000000000032e-01
1.424300000000000010e-01
1.438200000000000034e-01
1.449600000000000055e-01
1.462900000000000034e-01
1.475899999999999990e-01
1.487400000000000111e-01
1.497400000000000120e-01
1.510100000000000053e-01
1.521399999999999975e-01
1.532300000000000051e-01
1.540600000000000025e-01
1.550600000000000034e-01
1.561599999999999933e-01
1.570499999999999952e-01
1.578799999999999926e-01
1.586200000000000110e-01
1.591700000000000059e-01
1.598100000000000076e-01
1.605399999999999883e-01
1.612200000000000022e-01
1.619899999999999951e-01
1.629299999999999915e-01
1.637899999999999912e-01
1.646700000000000108e-01
1.654200000000000115e-01
1.661400000000000099e-01
1.670899999999999885e-01
1.680500000000000049e-01
1.689299999999999968e-01
1.694700000000000095e-01
1.702700000000000047e-01
1.712599999999999956e-01
1.722499999999999865e-01
1.730899999999999939e-01
1.739400000000000113e-01
1.744699999999999862e-01
1.755099999999999993e-01
1.759499999999999953e-01
1.765899999999999970e-01
1.771099999999999897e-01
1.779000000000000026e-01
1.786699999999999955e-01
1.788399999999999990e-01
1.794399999999999884e-01
1.798200000000000076e-01
1.803400000000000003e-01
1.809800000000000020e-01
1.813800000000000134e-01
1.822400000000000131e-01
1.829399999999999915e-01
1.837100000000000122e-01
1.839300000000000102e-01
1.842300000000000049e-01
1.850400000000000100e-01
1.857000000000000040e-01
1.859200000000000019e-01
1.867800000000000016e-01
1.869599999999999873e-01
1.876400000000000012e-01
1.882199999999999984e-01
1.884099999999999941e-01
1.890400000000000136e-01
1.891899999999999971e-01
1.895300000000000040e-01
1.900499999999999967e-01
1.906499999999999861e-01
1.910600000000000076e-01
1.911400000000000043e-01
1.920699999999999907e-01
1.923900000000000055e-01
1.930999999999999939e-01
1.934599999999999931e-01
1.940000000000000058e-01
1.944799999999999862e-01
1.951199999999999879e-01
1.956499999999999906e-01
1.966100000000000070e-01
1.973199999999999954e-01
1.976100000000000079e-01
1.983800000000000008e-01
1.990899999999999892e-01
1.997800000000000131e-01
2.001699999999999868e-01
2.006300000000000028e-01
2.021799999999999986e-01
2.032100000000000017e-01
2.033399999999999930e-01
2.042100000000000026e-01
2.046199999999999963e-01
2.056800000000000017e-01
2.064400000000000124e-01
2.066399999999999904e-01
2.077900000000000025e-01
2.081399999999999917e-01
2.087100000000000066e-01
2.090799999999999881e-01
2.102600000000000025e-01
2.099699999999999900e-01
2.105299999999999949e-01
2.111999999999999988e-01
2.120900000000000007e-01
2.123700000000000032e-01
2.132699999999999874e-01
2.140700000000000103e-01
2.147900000000000087e-01
2.159500000000000031e-01
2.164500000000000035e-01
2.169300000000000117e-01
2.178100000000000036e-01
2.188900000000000012e-01
2.195699999999999874e-01
2.196400000000000019e-01
2.204500000000000071e-01
2.208199999999999885e-01
2.217300000000000104e-01
2.219399999999999984e-01
2.225499999999999978e-01
2.233184615384615213e-01
2.241176923076923233e-01
2.249361538461538135e-01
2.256953846153846310e-01
2.263223076923076837e-01
2.300627842237451537e-01
2.303489504136277954e-01
2.306351166035104094e-01
2.309212827933930234e-01
2.312074489832756652e-01
2.314936151731583069e-01
2.317797813630409209e-01
2.320659475529235349e-01
2.323521137428061767e-01
2.326382799326888184e-01
2.329244461225714324e-01
2.332106123124540464e-01
2.334967785023366882e-01
2.337829446922193299e-01
2.340691108821019717e-01
2.343552770719845857e-01
2.346414432618671997e-01
2.349276094517498414e-01
2.352137756416324832e-01
2.354999418315150972e-01
2.357861080213977112e-01
2.360722742112803529e-01
2.363584404011629947e-01
2.366446065910456087e-01
2.369307727809282227e-01
2.372169389708108644e-01
2.375031051606935062e-01
2.377892713505761479e-01
2.380754375404587619e-01
2.383616037303413759e-01
2.386477699202240177e-01
2.389339361101066594e-01
2.392201022999892734e-01
2.395062684898718874e-01
2.397924346797545292e-01
2.400786008696371709e-01
2.403647670595197849e-01
2.406509332494023989e-01
2.409370994392850407e-01
2.412232656291676824e-01
2.415094318190502964e-01
2.417955980089329382e-01
2.420817641988155522e-01
2.423679303886981939e-01
2.426540965785808357e-01
2.429402627684634497e-01
2.432264289583460637e-01
2.435125951482287054e-01
2.437987613381113472e-01
2.440849275279939612e-01
2.443710937178765752e-01
2.446572599077592169e-01
2.449434260976418587e-01
2.452295922875244727e-01
2.455157584774070867e-01
2.458019246672897284e-01
2.460880908571723702e-01
2.463742570470550119e-01
2.466604232369376259e-01
2.469465894268202399e-01
2.472327556167028817e-01
2.475189218065855234e-01
2.478050879964681374e-01
2.480912541863507514e-01
2.483774203762333932e-01
2.486635865661160349e-01
2.489497527559986489e-01
2.492359189458812629e-01
2.495220851357639047e-01
2.498082513256465464e-01
2.500944175155291882e-01
2.503805837054118300e-01
2.506667498952944162e-01
2.509529160851770579e-01
2.512390822750596997e-01
2.515252484649422859e-01
2.518114146548249277e-01
2.520975808447075694e-01
2.523837470345902112e-01
2.526699132244728530e-01
2.529560794143554392e-01
2.532422456042380809e-01
2.535284117941207227e-01
2.538145779840033645e-01
2.541007441738859507e-01
2.543869103637685924e-01
2.546730765536512342e-01
2.549592427435338760e-01
2.552454089334165177e-01
2.555315751232991039e-01
2.558177413131817457e-01
2.561039075030643875e-01
2.563900736929469737e-01
2.566762398828296154e-01
2.569624060727122572e-01
2.572485722625948990e-01
2.575347384524775407e-01
2.578209046423601825e-01
2.581070708322427687e-01
2.588619999999999810e-01
