6.583999999999999575e-02
6.782000000000000528e-02
6.958999999999999908e-02
7.101999999999999980e-02
7.288999999999999646e-02
7.473000000000000476e-02
7.673000000000000653e-02
7.838000000000000522e-02
7.978999999999999981e-02
8.185000000000000608e-02
8.329999999999999905e-02
8.518000000000000571e-02
8.686000000000000665e-02
8.795000000000000040e-02
8.991000000000000381e-02
9.155000000000000637e-02
9.313000000000000445e-02
9.481000000000000538e-02
9.612999999999999323e-02
9.785000000000000642e-02
9.961000000000000409e-02
1.012600000000000028e-01
1.024199999999999972e-01
1.041099999999999942e-01
1.056300000000000017e-01
1.071000000000000008e-01
1.085300000000000015e-01
1.099399999999999961e-01
1.110000000000000014e-01
1.120099999999999985e-01
1.129399999999999987e-01
1.139899999999999941e-01
1.148499999999999938e-01
1.155700000000000061e-01
1.161100000000000049e-01
1.164599999999999941e-01
1.169800000000000006e-01
1.172099999999999947e-01
1.174499999999999988e-01
1.174599999999999950e-01
1.173700000000000021e-01
1.175100000000000033e-01
1.174100000000000005e-01
1.170000000000000068e-01
1.170000000000000068e-01
1.171800000000000064e-01
1.165599999999999969e-01
1.165000000000000063e-01
1.162900000000000045e-01
1.162300000000000000e-01
1.161200000000000010e-01
1.161699999999999955e-01
1.162799999999999945e-01
1.164199999999999957e-01
1.164300000000000057e-01
1.165699999999999931e-01
1.168399999999999994e-01
1.168300000000000033e-01
1.170400000000000051e-01
1.172799999999999954e-01
1.175599999999999978e-01
1.180500000000000022e-01
1.185400000000000065e-01
1.189000000000000057e-01
1.194299999999999945e-01
1.200600000000000001e-01
1.206900000000000056e-01
1.215900000000000036e-01
1.225200000000000039e-01
1.234699999999999964e-01
1.245499999999999940e-01
1.260999999999999899e-01
1.267900000000000138e-01
1.284599999999999909e-01
1.295999999999999930e-01
1.306700000000000084e-01
1.321299999999999975e-01
1.335800000000000043e-01
1.349799999999999889e-01
1.361799999999999955e-01
1.375000000000000111e-01
1.386699999999999877e-01
1.400200000000000056e-01
1.414999999999999869e-01
1.427900000000000003e-01
1.439799999999999969e-01
1.449600000000000055e-01
1.463700000000000001e-01
1.471800000000000053e-01
1.482300000000000006e-01
1.489600000000000091e-01
1.501800000000000079e-01
1.507699999999999874e-01
1.516899999999999915e-01
1.521699999999999997e-01
1.535100000000000076e-01
1.540600000000000025e-01
1.545799999999999952e-01
1.551200000000000079e-01
1.557000000000000051e-01
1.556800000000000128e-01
1.564599999999999880e-01
1.571500000000000119e-01
1.574000000000000121e-01
1.578700000000000103e-01
1.587399999999999922e-01
1.590100000000000124e-01
1.594800000000000106e-01
1.600600000000000078e-01
1.602500000000000036e-01
1.605999999999999928e-01
1.617200000000000026e-01
1.618900000000000061e-01
1.628600000000000048e-01
1.628400000000000125e-01
1.632899999999999907e-01
1.636100000000000054e-01
1.641799999999999926e-01
1.642200000000000049e-01
1.648199999999999943e-01
1.653000000000000025e-01
1.654599999999999960e-01
1.660399999999999932e-01
1.667299999999999893e-01
1.671900000000000053e-01
1.673999999999999932e-01
1.679599999999999982e-01
1.683699999999999919e-01
1.687400000000000011e-01
1.688699999999999923e-01
1.694499999999999895e-01
1.698500000000000010e-01
1.701000000000000012e-01
1.703600000000000114e-01
1.703900000000000137e-01
1.707100000000000006e-01
1.711000000000000021e-01
1.716100000000000125e-01
1.716699999999999893e-01
1.722400000000000042e-01
1.722599999999999965e-01
1.727100000000000024e-01
1.732299999999999951e-01
1.735299999999999898e-01
1.738699999999999968e-01
1.741900000000000115e-01
1.751199999999999979e-01
1.756900000000000128e-01
1.759400000000000130e-01
1.765700000000000047e-01
1.772299999999999986e-01
1.777700000000000113e-01
1.783700000000000008e-01
1.789900000000000102e-01
1.796399999999999941e-01
1.803599999999999925e-01
1.810599999999999987e-01
1.823200000000000098e-01
1.826500000000000068e-01
1.832900000000000085e-01
1.842499999999999971e-01
1.849899999999999878e-01
1.855799999999999950e-01
1.866599999999999926e-01
1.874000000000000110e-01
1.879099999999999937e-01
1.890799999999999981e-01
1.891200000000000103e-01
1.907000000000000084e-01
1.914200000000000068e-01
1.920499999999999985e-01
1.928700000000000137e-01
1.936599999999999988e-01
1.943799999999999972e-01
1.950699999999999934e-01
1.955999999999999961e-01
1.959599999999999953e-01
1.963999999999999913e-01
1.974400000000000044e-01
1.983300000000000063e-01
1.990300000000000125e-01
1.998499999999999999e-01
2.006600000000000050e-01
2.014900000000000024e-01
2.022700000000000053e-01
2.029199999999999893e-01
2.037200000000000122e-01
2.044499999999999929e-01
2.050299999999999900e-01
2.057499999999999885e-01
2.066500000000000004e-01
2.073899999999999910e-01
2.085400000000000031e-01
2.094100000000000128e-01
2.107499999999999929e-01
2.115900000000000003e-01
2.123807692307692063e-01
2.131653846153846177e-01
2.137823076923076604e-01
2.144784615384615345e-01
2.152246153846153753e-01
2.184717832804626836e-01
2.187548299138374064e-01
2.190378765472121292e-01
2.193209231805868797e-01
2.196039698139616025e-01
2.198870164473363253e-01
2.201700630807110759e-01
2.204531097140858265e-01
2.207361563474605215e-01
2.210192029808352721e-01
2.213022496142100226e-01
2.215852962475847177e-01
2.218683428809594682e-01
2.221513895143342188e-01
2.224344361477089138e-01
2.227174827810836644e-01
2.230005294144584149e-01
2.232835760478331377e-01
2.235666226812078605e-01
2.238496693145826111e-01
2.241327159479573339e-01
2.244157625813320567e-01
2.246988092147068072e-01
2.249818558480815300e-01
2.252649024814562528e-01
2.255479491148310034e-01
2.258309957482057262e-01
2.261140423815804490e-01
2.263970890149551995e-01
2.266801356483299223e-01
2.269631822817046451e-01
2.272462289150793957e-01
2.275292755484541185e-01
2.278123221818288413e-01
2.280953688152035919e-01
2.283784154485783147e-01
2.286614620819530375e-01
2.289445087153277880e-01
2.292275553487025108e-01
2.295106019820772336e-01
2.297936486154519842e-01
2.300766952488267070e-01
2.303597418822014298e-01
2.306427885155761803e-01
2.309258351489509309e-01
2.312088817823256259e-01
2.314919284157003765e-01
2.317749750490751270e-01
2.320580216824498221e-01
2.323410683158245726e-01
2.326241149491993232e-01
2.329071615825740460e-01
2.331902082159487688e-01
2.334732548493235194e-01
2.337563014826982422e-01
2.340393481160729650e-01
2.343223947494477155e-01
2.346054413828224383e-01
2.348884880161971611e-01
2.351715346495719117e-01
2.354545812829466345e-01
2.357376279163213573e-01
2.360206745496961078e-01
2.363037211830708306e-01
2.365867678164455534e-01
2.368698144498203040e-01
2.371528610831950268e-01
2.374359077165697496e-01
2.377189543499445001e-01
2.380020009833192229e-01
2.382850476166939457e-01
2.385680942500686963e-01
2.388511408834434191e-01
2.391341875168181419e-01
2.394172341501928925e-01
2.397002807835676153e-01
2.399833274169423381e-01
2.402663740503170886e-01
2.405494206836918392e-01
2.408324673170665342e-01
2.411155139504412848e-01
2.413985605838160353e-01
2.416816072171907304e-01
2.419646538505654809e-01
2.422477004839402315e-01
2.425307471173149265e-01
2.428137937506896771e-01
2.430968403840644276e-01
2.433798870174391504e-01
2.436629336508138732e-01
2.439459802841886238e-01
2.442290269175633466e-01
2.445120735509380694e-01
2.447951201843128199e-01
2.450781668176875427e-01
2.453612134510622655e-01
2.456442600844370161e-01
2.459273067178117389e-01
2.462103533511864617e-01
2.467519999999999991e-01
