600.000000  0.076430
610.000000  0.078860
620.000000  0.081480
630.000000  0.084170
640.000000  0.086310
650.000000  0.088430
660.000000  0.090970
670.000000  0.093120
680.000000  0.094860
690.000000  0.096950
700.000000  0.098700
710.000000  0.100560
720.000000  0.102300
730.000000  0.103840
740.000000  0.105490
750.000000  0.106750
760.000000  0.108240
770.000000  0.109340
780.000000  0.110570
790.000000  0.111850
800.000000  0.112870
810.000000  0.113890
820.000000  0.114980
830.000000  0.115930
840.000000  0.116770
850.000000  0.117520
860.000000  0.118320
870.000000  0.118850
880.000000  0.119460
890.000000  0.120050
900.000000  0.120870
910.000000  0.121580
920.000000  0.122060
930.000000  0.122430
940.000000  0.122570
950.000000  0.122330
960.000000  0.122210
970.000000  0.122210
980.000000  0.122150
990.000000  0.122030
1000.000000  0.122000
1010.000000  0.121970
1020.000000  0.121710
1030.000000  0.121810
1040.000000  0.121870
1050.000000  0.121850
1060.000000  0.122070
1070.000000  0.121820
1080.000000  0.121790
1090.000000  0.121850
1100.000000  0.122010
1110.000000  0.122110
1120.000000  0.122330
1130.000000  0.122670
1140.000000  0.122840
1150.000000  0.123100
1160.000000  0.123310
1170.000000  0.123500
1180.000000  0.124080
1190.000000  0.124550
1200.000000  0.125010
1210.000000  0.125430
1220.000000  0.126100
1230.000000  0.126800
1240.000000  0.127320
1250.000000  0.128080
1260.000000  0.129170
1270.000000  0.129850
1280.000000  0.130800
1290.000000  0.131890
1300.000000  0.132580
1310.000000  0.134030
1320.000000  0.135410
1330.000000  0.136830
1340.000000  0.138150
1350.000000  0.139540
1360.000000  0.141180
1370.000000  0.142470
1380.000000  0.143840
1390.000000  0.145350
1400.000000  0.146600
1410.000000  0.147810
1420.000000  0.149160
1430.000000  0.149860
1440.000000  0.151070
1450.000000  0.152370
1460.000000  0.153110
1470.000000  0.154450
1480.000000  0.155220
1490.000000  0.156450
1500.000000  0.157280
1510.000000  0.158020
1520.000000  0.159100
1530.000000  0.159960
1540.000000  0.160420
1550.000000  0.161340
1560.000000  0.162160
1570.000000  0.163240
1580.000000  0.163280
1590.000000  0.164010
1600.000000  0.164810
1610.000000  0.165370
1620.000000  0.165620
1630.000000  0.165630
1640.000000  0.166040
1650.000000  0.166520
1660.000000  0.166930
1670.000000  0.167090
1680.000000  0.167340
1690.000000  0.167580
1700.000000  0.168060
1710.000000  0.167990
1720.000000  0.168240
1730.000000  0.168380
1740.000000  0.168480
1750.000000  0.168650
1760.000000  0.168900
1770.000000  0.168970
1780.000000  0.169030
1790.000000  0.169130
1800.000000  0.169140
1810.000000  0.168980
1820.000000  0.169080
1830.000000  0.169270
1840.000000  0.169620
1850.000000  0.169940
1860.000000  0.169820
1870.000000  0.170460
1880.000000  0.170780
1890.000000  0.171250
1900.000000  0.171340
1910.000000  0.171550
1920.000000  0.171940
1930.000000  0.172180
1940.000000  0.172790
1950.000000  0.173020
1960.000000  0.173010
1970.000000  0.173650
1980.000000  0.174070
1990.000000  0.174340
2000.000000  0.175410
2010.000000  0.175540
2020.000000  0.176290
2030.000000  0.176460
2040.000000  0.176990
2050.000000  0.177200
2060.000000  0.178160
2070.000000  0.178600
2080.000000  0.179270
2090.000000  0.179950
2100.000000  0.181080
2110.000000  0.181450
2120.000000  0.182080
2130.000000  0.182980
2140.000000  0.183700
2150.000000  0.184580
2160.000000  0.185420
2170.000000  0.186230
2180.000000  0.187380
2190.000000  0.187910
2200.000000  0.189210
2210.000000  0.190110
2220.000000  0.190980
2230.000000  0.191620
2240.000000  0.192960
2250.000000  0.193620
2260.000000  0.194230
2270.000000  0.195410
2280.000000  0.196310
2290.000000  0.197510
2300.000000  0.198430
2310.000000  0.199310
2320.000000  0.199650
2330.000000  0.200290
2340.000000  0.201860
2350.000000  0.202370
2360.000000  0.202780
2370.000000  0.203380
2380.000000  0.204260
2390.000000  0.205330
2400.000000  0.206060
2410.000000  0.206840
2420.000000  0.207760
2430.000000  0.208880
2440.000000  0.209680
2450.000000  0.210410
2460.000000  0.210730
2470.000000  0.211410
2480.000000  0.212340
2490.000000  0.213130
2500.000000  0.213660
2510.000000  0.213910
2520.000000  0.214130
2530.000000  0.214660
2540.000000  0.215130
2550.000000  0.215360
2560.000000  0.216135
2570.000000  0.216835
2580.000000  0.217572
2590.000000  0.218255
2600.000000  0.218978
2610.000000  0.219672
2620.000000  0.220492
2630.000000  0.221201
2640.000000  0.221745
2650.000000  0.222375
2660.000000  0.223097
2670.000000  0.223921
2680.000000  0.224264
2690.000000  0.224805
2700.000000  0.225387
2710.000000  0.225926
2720.000000  0.226401
2730.000000  0.226872
2740.000000  0.227339
2750.000000  0.227801
2760.000000  0.228260
2770.000000  0.228715
2780.000000  0.229165
2790.000000  0.229611
2800.000000  0.230054
2810.000000  0.230492
2820.000000  0.230926
2830.000000  0.231356
2840.000000  0.231782
2850.000000  0.232204
2860.000000  0.232622
2870.000000  0.233035
2880.000000  0.233445
2890.000000  0.233850
2900.000000  0.234252
2910.000000  0.234649
2920.000000  0.235042
2930.000000  0.235431
2940.000000  0.235816
2950.000000  0.236197
2960.000000  0.236574
2970.000000  0.236947
2980.000000  0.237315
2990.000000  0.237680
3000.000000  0.238041
3010.000000  0.238397
3020.000000  0.238749
3030.000000  0.239097
3040.000000  0.239442
3050.000000  0.239782
3060.000000  0.240118
3070.000000  0.240450
3080.000000  0.240777
3090.000000  0.241101
3100.000000  0.241421
3110.000000  0.241736
3120.000000  0.242048
3130.000000  0.242355
3140.000000  0.242658
3150.000000  0.242957
3160.000000  0.243252
3170.000000  0.243543
3180.000000  0.243830
3190.000000  0.244113
3200.000000  0.244392
3210.000000  0.244666
3220.000000  0.244937
3230.000000  0.245203
3240.000000  0.245466
3250.000000  0.245724
3260.000000  0.245978
3270.000000  0.246228
3280.000000  0.246474
3290.000000  0.246716
3300.000000  0.246954
3310.000000  0.247188
3320.000000  0.247418
3330.000000  0.247643
3340.000000  0.247865
3350.000000  0.248082
3360.000000  0.248295
3370.000000  0.248504
3380.000000  0.248710
3390.000000  0.248911
3400.000000  0.249108
3410.000000  0.249300
3420.000000  0.249489
3430.000000  0.249674
3440.000000  0.249854
3450.000000  0.250031
3460.000000  0.250203
3470.000000  0.250372
3480.000000  0.250536
3490.000000  0.250696
3500.000000  0.250852
3510.000000  0.251004
3520.000000  0.251152
3530.000000  0.251296
3540.000000  0.251435
3550.000000  0.251571
3560.000000  0.251703
3570.000000  0.251830
3580.000000  0.251953
3590.000000  0.252073
3600.000000  0.252296
