600.000000  0.065840
610.000000  0.067820
620.000000  0.069590
630.000000  0.071020
640.000000  0.072890
650.000000  0.074730
660.000000  0.076730
670.000000  0.078380
680.000000  0.079790
690.000000  0.081850
700.000000  0.083300
710.000000  0.085180
720.000000  0.086860
730.000000  0.087950
740.000000  0.089910
750.000000  0.091550
760.000000  0.093130
770.000000  0.094810
780.000000  0.096130
790.000000  0.097850
800.000000  0.099610
810.000000  0.101260
820.000000  0.102420
830.000000  0.104110
840.000000  0.105630
850.000000  0.107100
860.000000  0.108530
870.000000  0.109940
880.000000  0.111000
890.000000  0.112010
900.000000  0.112940
910.000000  0.113990
920.000000  0.114850
930.000000  0.115570
940.000000  0.116110
950.000000  0.116460
960.000000  0.116980
970.000000  0.117210
980.000000  0.117450
990.000000  0.117460
1000.000000  0.117370
1010.000000  0.117510
1020.000000  0.117410
1030.000000  0.117000
1040.000000  0.117000
1050.000000  0.117180
1060.000000  0.116560
1070.000000  0.116500
1080.000000  0.116290
1090.000000  0.116230
1100.000000  0.116120
1110.000000  0.116170
1120.000000  0.116280
1130.000000  0.116420
1140.000000  0.116430
1150.000000  0.116570
1160.000000  0.116840
1170.000000  0.116830
1180.000000  0.117040
1190.000000  0.117280
1200.000000  0.117560
1210.000000  0.118050
1220.000000  0.118540
1230.000000  0.118900
1240.000000  0.119430
1250.000000  0.120060
1260.000000  0.120690
1270.000000  0.121590
1280.000000  0.122520
1290.000000  0.123470
1300.000000  0.124550
1310.000000  0.126100
1320.000000  0.126790
1330.000000  0.128460
1340.000000  0.129600
1350.000000  0.130670
1360.000000  0.132130
1370.000000  0.133580
1380.000000  0.134980
1390.000000  0.136180
1400.000000  0.137500
1410.000000  0.138670
1420.000000  0.140020
1430.000000  0.141500
1440.000000  0.142790
1450.000000  0.143980
1460.000000  0.144960
1470.000000  0.146370
1480.000000  0.147180
1490.000000  0.148230
1500.000000  0.148960
1510.000000  0.150180
1520.000000  0.150770
1530.000000  0.151690
1540.000000  0.152170
1550.000000  0.153510
1560.000000  0.154060
1570.000000  0.154580
1580.000000  0.155120
1590.000000  0.155700
1600.000000  0.155680
1610.000000  0.156460
1620.000000  0.157150
1630.000000  0.157400
1640.000000  0.157870
1650.000000  0.158740
1660.000000  0.159010
1670.000000  0.159480
1680.000000  0.160060
1690.000000  0.160250
1700.000000  0.160600
1710.000000  0.161720
1720.000000  0.161890
1730.000000  0.162860
1740.000000  0.162840
1750.000000  0.163290
1760.000000  0.163610
1770.000000  0.164180
1780.000000  0.164220
1790.000000  0.164820
1800.000000  0.165300
1810.000000  0.165460
1820.000000  0.166040
1830.000000  0.166730
1840.000000  0.167190
1850.000000  0.167400
1860.000000  0.167960
1870.000000  0.168370
1880.000000  0.168740
1890.000000  0.168870
1900.000000  0.169450
1910.000000  0.169850
1920.000000  0.170100
1930.000000  0.170360
1940.000000  0.170390
1950.000000  0.170710
1960.000000  0.171100
1970.000000  0.171610
1980.000000  0.171670
1990.000000  0.172240
2000.000000  0.172260
2010.000000  0.172710
2020.000000  0.173230
2030.000000  0.173530
2040.000000  0.173870
2050.000000  0.174190
2060.000000  0.175120
2070.000000  0.175690
2080.000000  0.175940
2090.000000  0.176570
2100.000000  0.177230
2110.000000  0.177770
2120.000000  0.178370
2130.000000  0.178990
2140.000000  0.179640
2150.000000  0.180360
2160.000000  0.181060
2170.000000  0.182320
2180.000000  0.182650
2190.000000  0.183290
2200.000000  0.184250
2210.000000  0.184990
2220.000000  0.185580
2230.000000  0.186660
2240.000000  0.187400
2250.000000  0.187910
2260.000000  0.189080
2270.000000  0.189120
2280.000000  0.190700
2290.000000  0.191420
2300.000000  0.192050
2310.000000  0.192870
2320.000000  0.193660
2330.000000  0.194380
2340.000000  0.195070
2350.000000  0.195600
2360.000000  0.195960
2370.000000  0.196400
2380.000000  0.197440
2390.000000  0.198330
2400.000000  0.199030
2410.000000  0.199850
2420.000000  0.200660
2430.000000  0.201490
2440.000000  0.202270
2450.000000  0.202920
2460.000000  0.203720
2470.000000  0.204450
2480.000000  0.205030
2490.000000  0.205750
2500.000000  0.206650
2510.000000  0.207390
2520.000000  0.208540
2530.000000  0.209410
2540.000000  0.210750
2550.000000  0.211590
2560.000000  0.212381
2570.000000  0.213165
2580.000000  0.213782
2590.000000  0.214478
2600.000000  0.215225
2610.000000  0.216004
2620.000000  0.216807
2630.000000  0.217472
2640.000000  0.217957
2650.000000  0.218688
2660.000000  0.219532
2670.000000  0.220296
2680.000000  0.221049
2690.000000  0.221792
2700.000000  0.222525
2710.000000  0.223247
2720.000000  0.223960
2730.000000  0.224662
2740.000000  0.225353
2750.000000  0.226035
2760.000000  0.226706
2770.000000  0.227367
2780.000000  0.228018
2790.000000  0.228658
2800.000000  0.229289
2810.000000  0.229909
2820.000000  0.230518
2830.000000  0.231118
2840.000000  0.231707
2850.000000  0.232286
2860.000000  0.232855
2870.000000  0.233413
2880.000000  0.233962
2890.000000  0.234500
2900.000000  0.235027
2910.000000  0.235545
2920.000000  0.236052
2930.000000  0.236549
2940.000000  0.237036
2950.000000  0.237512
2960.000000  0.237979
2970.000000  0.238434
2980.000000  0.238880
2990.000000  0.239316
3000.000000  0.239741
3010.000000  0.240156
3020.000000  0.240561
3030.000000  0.240955
3040.000000  0.241339
3050.000000  0.241713
3060.000000  0.242077
3070.000000  0.242430
3080.000000  0.242774
3090.000000  0.243107
3100.000000  0.243429
3110.000000  0.243742
3120.000000  0.244044
3130.000000  0.244336
3140.000000  0.244618
3150.000000  0.244889
3160.000000  0.245150
3170.000000  0.245401
3180.000000  0.245642
3190.000000  0.245872
3200.000000  0.246093
3210.000000  0.246303
3220.000000  0.246502
3230.000000  0.246692
3240.000000  0.246871
3250.000000  0.247040
3260.000000  0.247199
3270.000000  0.247347
3280.000000  0.247485
3290.000000  0.247613
3300.000000  0.247731
3310.000000  0.247838
3320.000000  0.247936
3330.000000  0.248022
3340.000000  0.248099
3350.000000  0.248166
3360.000000  0.248222
3370.000000  0.248268
3380.000000  0.248303
3390.000000  0.248329
3400.000000  0.248344
3410.000000  0.248349
3420.000000  0.248344
3430.000000  0.248328
3440.000000  0.248302
3450.000000  0.248266
3460.000000  0.248220
3470.000000  0.248163
3480.000000  0.248096
3490.000000  0.248019
3500.000000  0.247932
3510.000000  0.247834
3520.000000  0.247727
3530.000000  0.247608
3540.000000  0.247480
3550.000000  0.247342
3560.000000  0.247193
3570.000000  0.247034
3580.000000  0.246864
3590.000000  0.246685
3600.000000  0.246752
