6.137499999999999900e-02
6.232100000000000140e-02
6.306000000000000494e-02
6.409900000000000320e-02
6.494700000000000473e-02
6.560199999999999365e-02
6.607599999999999585e-02
6.679799999999999627e-02
6.733599999999999308e-02
6.771299999999999542e-02
6.815699999999999537e-02
6.900900000000000090e-02
7.024500000000000188e-02
7.079900000000000082e-02
7.139600000000000113e-02
7.231300000000000228e-02
7.273399999999999310e-02
7.358699999999999963e-02
7.391999999999999960e-02
7.447199999999999653e-02
7.511500000000000121e-02
7.544199999999999517e-02
7.568900000000000627e-02
7.609399999999999498e-02
7.621999999999999609e-02
7.628799999999999470e-02
7.573299999999999477e-02
7.583399999999999863e-02
7.588699999999999612e-02
7.645100000000000506e-02
7.629800000000000471e-02
7.631599999999999495e-02
7.613599999999999535e-02
7.652599999999999680e-02
7.671300000000000341e-02
7.674100000000000366e-02
7.716099999999999348e-02
7.794500000000000040e-02
7.817499999999999449e-02
7.865099999999999869e-02
7.911700000000000677e-02
7.954400000000000359e-02
8.031099999999999350e-02
8.125699999999999590e-02
8.183600000000000596e-02
8.274099999999999511e-02
8.372699999999999587e-02
8.409099999999999908e-02
8.502700000000000535e-02
8.588099999999999901e-02
8.670799999999999341e-02
8.774999999999999467e-02
8.875299999999999856e-02
8.941599999999999548e-02
9.060600000000000598e-02
9.117699999999999416e-02
9.234900000000000053e-02
9.311400000000000232e-02
9.386300000000000199e-02
9.470900000000000152e-02
9.535599999999999632e-02
9.617699999999999860e-02
9.675799999999999679e-02
9.762200000000000044e-02
9.825499999999999512e-02
9.896199999999999442e-02
9.976699999999999458e-02
1.009540000000000021e-01
1.015820000000000056e-01
1.022679999999999978e-01
1.030940000000000051e-01
1.040670000000000067e-01
1.050470000000000015e-01
1.058570000000000066e-01
1.066549999999999998e-01
1.077029999999999932e-01
1.080249999999999960e-01
1.092280000000000056e-01
1.103729999999999989e-01
1.108809999999999935e-01
1.119560000000000000e-01
1.130869999999999931e-01
1.137930000000000053e-01
1.148699999999999999e-01
1.157399999999999957e-01
1.161179999999999990e-01
1.175429999999999947e-01
1.179439999999999933e-01
1.187779999999999947e-01
1.193420000000000036e-01
1.203869999999999940e-01
1.212659999999999988e-01
1.220350000000000046e-01
1.227280000000000038e-01
1.233210000000000001e-01
1.239660000000000067e-01
1.249620000000000036e-01
1.255080000000000084e-01
1.262919999999999876e-01
1.268900000000000028e-01
1.277510000000000034e-01
1.282760000000000011e-01
1.289359999999999951e-01
1.293050000000000033e-01
1.301160000000000094e-01
1.308189999999999908e-01
1.318969999999999865e-01
1.324079999999999979e-01
1.326299999999999979e-01
1.337409999999999988e-01
1.342839999999999867e-01
1.350580000000000114e-01
1.356229999999999936e-01
1.361590000000000023e-01
1.368790000000000007e-01
1.374070000000000014e-01
1.379829999999999945e-01
1.385210000000000052e-01
1.390720000000000012e-01
1.396630000000000094e-01
1.402539999999999898e-01
1.407150000000000067e-01
1.410649999999999959e-01
1.421590000000000076e-01
1.426499999999999990e-01
1.431759999999999977e-01
1.435440000000000049e-01
1.432150000000000090e-01
1.456949999999999912e-01
1.454489999999999950e-01
1.456659999999999899e-01
1.471530000000000060e-01
1.473609999999999920e-01
1.479739999999999944e-01
1.484600000000000086e-01
1.489830000000000043e-01
1.498099999999999987e-01
1.503329999999999944e-01
1.508919999999999983e-01
1.512930000000000108e-01
1.518799999999999872e-01
1.526610000000000189e-01
1.531830000000000136e-01
1.538509999999999878e-01
1.545370000000000077e-01
1.550989999999999869e-01
1.556599999999999928e-01
1.561980000000000035e-01
1.566579999999999917e-01
1.574510000000000076e-01
1.582530000000000048e-01
1.586629999999999985e-01
1.594270000000000131e-01
1.597729999999999984e-01
1.602820000000000078e-01
1.609919999999999962e-01
1.619589999999999919e-01
1.623449999999999893e-01
1.630399999999999905e-01
1.638959999999999861e-01
1.646430000000000116e-01
1.652919999999999945e-01
1.661990000000000134e-01
1.670210000000000028e-01
1.678640000000000132e-01
1.684370000000000034e-01
1.694009999999999960e-01
1.698310000000000097e-01
1.703359999999999874e-01
1.711820000000000008e-01
1.722480000000000122e-01
1.729880000000000029e-01
1.733419999999999961e-01
1.735559999999999881e-01
1.742839999999999945e-01
1.749120000000000119e-01
1.751449999999999951e-01
1.762610000000000010e-01
1.765140000000000042e-01
1.775029999999999941e-01
1.781419999999999948e-01
1.793260000000000132e-01
1.803369999999999973e-01
1.811500000000000055e-01
1.815849999999999964e-01
1.822400000000000131e-01
1.830170000000000130e-01
1.835660000000000069e-01
1.847149999999999903e-01
1.854699999999999960e-01
1.862840000000000051e-01
1.862412459016393740e-01
1.870230983606557817e-01
1.875237723577235782e-01
1.882510000000000017e-01
1.888220238095237868e-01
1.893624330708661430e-01
1.898667480314960299e-01
1.906755193798449488e-01
1.910053178294573717e-01
1.919907999999999892e-01
1.941209982920062138e-01
1.941964048663576969e-01
1.942718114407091523e-01
1.943472180150606354e-01
1.944226245894121186e-01
1.944980311637635739e-01
1.945734377381150570e-01
1.946488443124665402e-01
1.947242508868180233e-01
1.947996574611695064e-01
1.948750640355209618e-01
1.949504706098724449e-01
1.950258771842239280e-01
1.951012837585753834e-01
1.951766903329268665e-01
1.952520969072783497e-01
1.953275034816298328e-01
1.954029100559812882e-01
1.954783166303327713e-01
1.955537232046842544e-01
1.956291297790357375e-01
1.957045363533871929e-01
1.957799429277386760e-01
1.958553495020901591e-01
1.959307560764416423e-01
1.960061626507930976e-01
1.960815692251445808e-01
1.961569757994960639e-01
1.962323823738475470e-01
1.963077889481990024e-01
1.963831955225504855e-01
1.964586020969019686e-01
1.965340086712534517e-01
1.966094152456049071e-01
1.966848218199563902e-01
1.967602283943078734e-01
1.968356349686593565e-01
1.969110415430108119e-01
1.969864481173622950e-01
1.970618546917137781e-01
1.971372612660652612e-01
1.972126678404167166e-01
1.972880744147681997e-01
1.973634809891196829e-01
1.974388875634711660e-01
1.975142941378226213e-01
1.975897007121741045e-01
1.976651072865255876e-01
1.977405138608770430e-01
1.978159204352285261e-01
1.978913270095800092e-01
1.979667335839314923e-01
1.980421401582829755e-01
1.981175467326344308e-01
1.981929533069859140e-01
1.982683598813373971e-01
1.983437664556888524e-01
1.984191730300403356e-01
1.984945796043918187e-01
1.985699861787433018e-01
1.986453927530947849e-01
1.987207993274462403e-01
1.987962059017977234e-01
1.988716124761492066e-01
1.989470190505006619e-01
1.990224256248521451e-01
1.990978321992036282e-01
1.991732387735551113e-01
1.992486453479065944e-01
1.993240519222580498e-01
1.993994584966095329e-01
1.994748650709610160e-01
1.995502716453124714e-01
1.996256782196639545e-01
1.997010847940154377e-01
1.997764913683669208e-01
1.998518979427183762e-01
1.999273045170698593e-01
2.000027110914213424e-01
2.000781176657728255e-01
2.001535242401242809e-01
2.002289308144757640e-01
2.003043373888272471e-01
2.003797439631787303e-01
2.004551505375301856e-01
2.005305571118816688e-01
2.006059636862331519e-01
2.006813702605846350e-01
2.007567768349360904e-01
2.008321834092875735e-01
2.009075899836390566e-01
2.009829965579905398e-01
2.010584031323419951e-01
2.011338097066934782e-01
2.012092162810449614e-01
2.012846228553964445e-01
2.013600294297478999e-01
2.014354360040993830e-01
2.015108425784508661e-01
2.030755903614458180e-01
