6.065899999999999764e-02
6.142500000000000043e-02
6.216800000000000104e-02
6.297300000000000120e-02
6.345000000000000639e-02
6.417799999999999894e-02
6.452399999999999802e-02
6.476700000000000512e-02
6.535299999999999443e-02
6.562400000000000178e-02
6.628699999999999870e-02
6.693300000000000638e-02
6.756099999999999606e-02
6.813700000000000312e-02
6.862799999999999456e-02
6.926799999999999624e-02
6.952300000000000146e-02
6.992600000000000204e-02
7.025900000000000201e-02
7.045200000000000073e-02
7.094999999999999918e-02
7.130499999999999339e-02
7.139800000000000313e-02
7.141699999999999438e-02
7.161800000000000110e-02
7.147299999999999487e-02
7.181099999999999983e-02
7.173400000000000609e-02
7.213500000000000467e-02
7.194000000000000394e-02
7.173599999999999421e-02
7.206300000000000205e-02
7.181200000000000083e-02
7.198599999999999444e-02
7.204199999999999493e-02
7.218299999999999716e-02
7.229099999999999415e-02
7.260900000000000687e-02
7.309499999999999331e-02
7.360600000000000476e-02
7.390399999999999747e-02
7.441899999999999904e-02
7.493500000000000161e-02
7.541699999999999793e-02
7.613799999999999735e-02
7.671400000000000441e-02
7.743400000000000283e-02
7.843999999999999584e-02
7.912700000000000289e-02
7.967599999999999683e-02
8.062099999999999822e-02
8.156199999999999561e-02
8.224900000000000266e-02
8.292700000000000071e-02
8.371800000000000075e-02
8.460099999999999565e-02
8.529899999999999982e-02
8.595400000000000262e-02
8.659000000000000030e-02
8.729299999999999560e-02
8.778299999999999992e-02
8.860300000000000120e-02
8.906100000000000128e-02
8.928999999999999437e-02
9.003700000000000592e-02
9.027200000000000502e-02
9.094099999999999406e-02
9.171899999999999498e-02
9.212900000000000256e-02
9.308400000000000007e-02
9.376600000000000212e-02
9.424799999999999844e-02
9.489200000000000412e-02
9.599699999999999900e-02
9.652800000000000269e-02
9.728799999999999948e-02
9.776700000000000668e-02
9.838099999999999623e-02
9.925299999999999401e-02
9.984400000000000219e-02
1.007819999999999966e-01
1.016610000000000014e-01
1.020299999999999957e-01
1.026419999999999971e-01
1.034000000000000058e-01
1.043950000000000017e-01
1.050340000000000024e-01
1.051639999999999936e-01
1.059790000000000038e-01
1.063709999999999933e-01
1.071639999999999954e-01
1.074859999999999982e-01
1.081300000000000039e-01
1.087339999999999973e-01
1.092150000000000065e-01
1.098250000000000060e-01
1.101319999999999938e-01
1.107380000000000031e-01
1.113289999999999974e-01
1.117559999999999942e-01
1.124160000000000020e-01
1.125440000000000051e-01
1.130619999999999958e-01
1.134949999999999987e-01
1.139460000000000056e-01
1.143020000000000008e-01
1.149820000000000009e-01
1.152620000000000033e-01
1.152569999999999983e-01
1.159459999999999935e-01
1.160759999999999986e-01
1.166750000000000009e-01
1.169970000000000038e-01
1.174650000000000000e-01
1.179700000000000054e-01
1.181269999999999959e-01
1.187929999999999958e-01
1.192320000000000046e-01
1.195259999999999934e-01
1.201689999999999980e-01
1.207040000000000057e-01
1.209630000000000011e-01
1.212249999999999994e-01
1.219930000000000042e-01
1.223069999999999991e-01
1.229200000000000015e-01
1.232110000000000011e-01
1.235809999999999964e-01
1.241519999999999985e-01
1.248579999999999968e-01
1.255030000000000034e-01
1.257800000000000029e-01
1.264979999999999993e-01
1.268700000000000105e-01
1.275390000000000135e-01
1.278650000000000064e-01
1.282979999999999954e-01
1.286750000000000116e-01
1.293850000000000000e-01
1.296420000000000072e-01
1.303600000000000037e-01
1.311009999999999953e-01
1.313360000000000083e-01
1.316940000000000055e-01
1.323739999999999917e-01
1.326180000000000136e-01
1.332240000000000091e-01
1.339079999999999993e-01
1.341680000000000095e-01
1.347679999999999989e-01
1.356779999999999931e-01
1.363870000000000082e-01
1.368689999999999907e-01
1.374940000000000051e-01
1.377950000000000008e-01
1.386749999999999927e-01
1.391640000000000099e-01
1.396350000000000091e-01
1.401229999999999976e-01
1.409090000000000065e-01
1.416959999999999886e-01
1.423629999999999896e-01
1.431979999999999920e-01
1.436600000000000099e-01
1.445609999999999951e-01
1.452779999999999905e-01
1.457450000000000134e-01
1.462330000000000019e-01
1.472700000000000120e-01
1.479129999999999889e-01
1.488400000000000001e-01
1.497499999999999942e-01
1.501280000000000114e-01
1.505450000000000121e-01
1.511820000000000108e-01
1.515859999999999985e-01
1.520549999999999957e-01
1.528680000000000039e-01
1.533779999999999866e-01
1.542080000000000117e-01
1.548289999999999944e-01
1.559159999999999990e-01
1.568640000000000034e-01
1.573469999999999869e-01
1.576519999999999866e-01
1.586629999999999985e-01
1.593140000000000112e-01
1.599190000000000056e-01
1.603360000000000063e-01
1.611559999999999937e-01
1.619190000000000074e-01
1.621364426229508215e-01
1.629035409836065429e-01
1.635630081300813166e-01
1.642200000000000049e-01
1.645788412698412639e-01
1.651394251968504034e-01
1.658265039370078742e-01
1.664400155038759654e-01
1.671186744186046458e-01
1.678812999999999556e-01
1.701313650401447275e-01
1.702012526924365499e-01
1.702711403447283445e-01
1.703410279970201668e-01
1.704109156493119615e-01
1.704808033016037561e-01
1.705506909538955784e-01
1.706205786061873730e-01
1.706904662584791676e-01
1.707603539107709900e-01
1.708302415630627846e-01
1.709001292153546070e-01
1.709700168676464016e-01
1.710399045199382240e-01
1.711097921722300186e-01
1.711796798245218132e-01
1.712495674768136356e-01
1.713194551291054302e-01
1.713893427813972525e-01
1.714592304336890471e-01
1.715291180859808695e-01
1.715990057382726641e-01
1.716688933905644587e-01
1.717387810428562811e-01
1.718086686951480757e-01
1.718785563474398703e-01
1.719484439997316927e-01
1.720183316520234873e-01
1.720882193043153097e-01
1.721581069566071043e-01
1.722279946088989266e-01
1.722978822611907213e-01
1.723677699134825159e-01
1.724376575657743382e-01
1.725075452180661328e-01
1.725774328703579275e-01
1.726473205226497498e-01
1.727172081749415444e-01
1.727870958272333668e-01
1.728569834795251614e-01
1.729268711318169838e-01
1.729967587841087784e-01
1.730666464364005730e-01
1.731365340886923954e-01
1.732064217409841900e-01
1.732763093932760123e-01
1.733461970455678069e-01
1.734160846978596293e-01
1.734859723501514239e-01
1.735558600024432185e-01
1.736257476547350409e-01
1.736956353070268355e-01
1.737655229593186301e-01
1.738354106116104525e-01
1.739052982639022471e-01
1.739751859161940695e-01
1.740450735684858641e-01
1.741149612207776864e-01
1.741848488730694811e-01
1.742547365253612757e-01
1.743246241776530980e-01
1.743945118299448926e-01
1.744643994822366873e-01
1.745342871345285096e-01
1.746041747868203042e-01
1.746740624391121266e-01
1.747439500914039212e-01
1.748138377436957436e-01
1.748837253959875382e-01
1.749536130482793328e-01
1.750235007005711552e-01
1.750933883528629498e-01
1.751632760051547721e-01
1.752331636574465668e-01
1.753030513097383891e-01
1.753729389620301837e-01
1.754428266143219783e-01
1.755127142666138007e-01
1.755826019189055953e-01
1.756524895711973899e-01
1.757223772234892123e-01
1.757922648757810069e-01
1.758621525280728293e-01
1.759320401803646239e-01
1.760019278326564462e-01
1.760718154849482409e-01
1.761417031372400355e-01
1.762115907895318578e-01
1.762814784418236524e-01
1.763513660941154471e-01
1.764212537464072694e-01
1.764911413986990640e-01
1.765610290509908864e-01
1.766309167032826810e-01
1.767008043555745034e-01
1.767706920078662980e-01
1.768405796601580926e-01
1.769104673124499150e-01
1.769803549647417096e-01
1.790406626506024224e-01
