600.000000  0.060659
610.000000  0.061425
620.000000  0.062168
630.000000  0.062973
640.000000  0.063450
650.000000  0.064178
660.000000  0.064524
670.000000  0.064767
680.000000  0.065353
690.000000  0.065624
700.000000  0.066287
710.000000  0.066933
720.000000  0.067561
730.000000  0.068137
740.000000  0.068628
750.000000  0.069268
760.000000  0.069523
770.000000  0.069926
780.000000  0.070259
790.000000  0.070452
800.000000  0.070950
810.000000  0.071305
820.000000  0.071398
830.000000  0.071417
840.000000  0.071618
850.000000  0.071473
860.000000  0.071811
870.000000  0.071734
880.000000  0.072135
890.000000  0.071940
900.000000  0.071736
910.000000  0.072063
920.000000  0.071812
930.000000  0.071986
940.000000  0.072042
950.000000  0.072183
960.000000  0.072291
970.000000  0.072609
980.000000  0.073095
990.000000  0.073606
1000.000000  0.073904
1010.000000  0.074419
1020.000000  0.074935
1030.000000  0.075417
1040.000000  0.076138
1050.000000  0.076714
1060.000000  0.077434
1070.000000  0.078440
1080.000000  0.079127
1090.000000  0.079676
1100.000000  0.080621
1110.000000  0.081562
1120.000000  0.082249
1130.000000  0.082927
1140.000000  0.083718
1150.000000  0.084601
1160.000000  0.085299
1170.000000  0.085954
1180.000000  0.086590
1190.000000  0.087293
1200.000000  0.087783
1210.000000  0.088603
1220.000000  0.089061
1230.000000  0.089290
1240.000000  0.090037
1250.000000  0.090272
1260.000000  0.090941
1270.000000  0.091719
1280.000000  0.092129
1290.000000  0.093084
1300.000000  0.093766
1310.000000  0.094248
1320.000000  0.094892
1330.000000  0.095997
1340.000000  0.096528
1350.000000  0.097288
1360.000000  0.097767
1370.000000  0.098381
1380.000000  0.099253
1390.000000  0.099844
1400.000000  0.100782
1410.000000  0.101661
1420.000000  0.102030
1430.000000  0.102642
1440.000000  0.103400
1450.000000  0.104395
1460.000000  0.105034
1470.000000  0.105164
1480.000000  0.105979
1490.000000  0.106371
1500.000000  0.107164
1510.000000  0.107486
1520.000000  0.108130
1530.000000  0.108734
1540.000000  0.109215
1550.000000  0.109825
1560.000000  0.110132
1570.000000  0.110738
1580.000000  0.111329
1590.000000  0.111756
1600.000000  0.112416
1610.000000  0.112544
1620.000000  0.113062
1630.000000  0.113495
1640.000000  0.113946
1650.000000  0.114302
1660.000000  0.114982
1670.000000  0.115262
1680.000000  0.115257
1690.000000  0.115946
1700.000000  0.116076
1710.000000  0.116675
1720.000000  0.116997
1730.000000  0.117465
1740.000000  0.117970
1750.000000  0.118127
1760.000000  0.118793
1770.000000  0.119232
1780.000000  0.119526
1790.000000  0.120169
1800.000000  0.120704
1810.000000  0.120963
1820.000000  0.121225
1830.000000  0.121993
1840.000000  0.122307
1850.000000  0.122920
1860.000000  0.123211
1870.000000  0.123581
1880.000000  0.124152
1890.000000  0.124858
1900.000000  0.125503
1910.000000  0.125780
1920.000000  0.126498
1930.000000  0.126870
1940.000000  0.127539
1950.000000  0.127865
1960.000000  0.128298
1970.000000  0.128675
1980.000000  0.129385
1990.000000  0.129642
2000.000000  0.130360
2010.000000  0.131101
2020.000000  0.131336
2030.000000  0.131694
2040.000000  0.132374
2050.000000  0.132618
2060.000000  0.133224
2070.000000  0.133908
2080.000000  0.134168
2090.000000  0.134768
2100.000000  0.135678
2110.000000  0.136387
2120.000000  0.136869
2130.000000  0.137494
2140.000000  0.137795
2150.000000  0.138675
2160.000000  0.139164
2170.000000  0.139635
2180.000000  0.140123
2190.000000  0.140909
2200.000000  0.141696
2210.000000  0.142363
2220.000000  0.143198
2230.000000  0.143660
2240.000000  0.144561
2250.000000  0.145278
2260.000000  0.145745
2270.000000  0.146233
2280.000000  0.147270
2290.000000  0.147913
2300.000000  0.148840
2310.000000  0.149750
2320.000000  0.150128
2330.000000  0.150545
2340.000000  0.151182
2350.000000  0.151586
2360.000000  0.152055
2370.000000  0.152868
2380.000000  0.153378
2390.000000  0.154208
2400.000000  0.154829
2410.000000  0.155916
2420.000000  0.156864
2430.000000  0.157347
2440.000000  0.157652
2450.000000  0.158663
2460.000000  0.159314
2470.000000  0.159919
2480.000000  0.160336
2490.000000  0.161156
2500.000000  0.161919
2510.000000  0.162136
2520.000000  0.162904
2530.000000  0.163563
2540.000000  0.164220
2550.000000  0.164579
2560.000000  0.165139
2570.000000  0.165827
2580.000000  0.166440
2590.000000  0.167119
2600.000000  0.167881
2610.000000  0.168488
2620.000000  0.168549
2630.000000  0.169056
2640.000000  0.169690
2650.000000  0.169696
2660.000000  0.170074
2670.000000  0.170353
2680.000000  0.170627
2690.000000  0.170898
2700.000000  0.171164
2710.000000  0.171427
2720.000000  0.171686
2730.000000  0.171940
2740.000000  0.172191
2750.000000  0.172438
2760.000000  0.172680
2770.000000  0.172919
2780.000000  0.173154
2790.000000  0.173385
2800.000000  0.173612
2810.000000  0.173835
2820.000000  0.174053
2830.000000  0.174268
2840.000000  0.174479
2850.000000  0.174686
2860.000000  0.174889
2870.000000  0.175088
2880.000000  0.175283
2890.000000  0.175474
2900.000000  0.175662
2910.000000  0.175845
2920.000000  0.176024
2930.000000  0.176199
2940.000000  0.176370
2950.000000  0.176538
2960.000000  0.176701
2970.000000  0.176860
2980.000000  0.177015
2990.000000  0.177167
3000.000000  0.177314
3010.000000  0.177458
3020.000000  0.177597
3030.000000  0.177732
3040.000000  0.177864
3050.000000  0.177991
3060.000000  0.178115
3070.000000  0.178234
3080.000000  0.178350
3090.000000  0.178462
3100.000000  0.178569
3110.000000  0.178673
3120.000000  0.178773
3130.000000  0.178868
3140.000000  0.178960
3150.000000  0.179048
3160.000000  0.179132
3170.000000  0.179211
3180.000000  0.179287
3190.000000  0.179359
3200.000000  0.179427
3210.000000  0.179491
3220.000000  0.179551
3230.000000  0.179607
3240.000000  0.179659
3250.000000  0.179707
3260.000000  0.179751
3270.000000  0.179791
3280.000000  0.179827
3290.000000  0.179859
3300.000000  0.179887
3310.000000  0.179911
3320.000000  0.179932
3330.000000  0.179948
3340.000000  0.179960
3350.000000  0.179968
3360.000000  0.179973
3370.000000  0.179973
3380.000000  0.179969
3390.000000  0.179962
3400.000000  0.179950
3410.000000  0.179935
3420.000000  0.179915
3430.000000  0.179892
3440.000000  0.179864
3450.000000  0.179833
3460.000000  0.179797
3470.000000  0.179758
3480.000000  0.179714
3490.000000  0.179667
3500.000000  0.179616
3510.000000  0.179560
3520.000000  0.179501
3530.000000  0.179438
3540.000000  0.179371
3550.000000  0.179299
3560.000000  0.179224
3570.000000  0.179145
3580.000000  0.179062
3590.000000  0.178975
3600.000000  0.179041
